6.050625407565449	1.0993443253880517
5.215353495671521	0.12329297542028189
0.4580149044415501	0.40444323258755144
2.02228882843214	0.6941111536084972
5.988508323004143	-1.044723765951506
4.434653063829024	-0.7981209567420223
5.815249259651903	-0.4165243475740868
4.00787331044289	-0.18883173631665162
2.9551976315087694	-1.0337386709276857
3.6591915085295694	-1.0981566509797778
4.0747269091814085	-0.1380009474565332
1.268765817645209	1.2095411058383472
5.143207569376425	-0.8236867674336225
1.5489242617945722	-0.5683570542420642
2.1406668638830864	0.302329139628825
2.109714226381708	-0.19978242892071119
1.6328660553936847	0.05276283279948208
2.073258157876575	-0.04608248547585163
4.999436227985197	-0.2875996571806151
1.6068080105797071	-0.6478640116384734
2.1345394171067493	-0.5530188077822251
1.6040907972404874	-0.22486128644946413
1.8594844781645676	-0.2650423708151495
5.391595495408719	-0.28343574776007147
6.031486743108819	0.4603264732474983
3.1414039488469783	0.6824615934951697
2.6829113090131727	0.8649325077235694
5.897495191868725	-0.31178668993558106
1.9863332539444378	0.6080129449919781
2.7861862806643263	-0.39526670373100303
5.923105179969631	0.9668832892423089
3.5709988988458234	0.712773340461713
1.9706096900144603	0.9587133998545109
3.4911523728814746	0.9668812300681677
0.012126816162078535	-0.4897535219554494
3.593497684615106	-0.446055440653508
6.217328205772855	-0.44875292230334396
3.151271244706176	0.2938732268271398
6.138213175590793	-0.3256966509350828
0.8567892974095042	-0.27510795314886416
1.8241071701424787	-1.1544323154626581
3.020665537841764	-0.8595939554437735
2.274998583960625	-0.07215772953599317
2.5465375500656426	-0.36990527385081245
4.5828198778761715	1.0184933790761184
3.9193755862664297	-0.7711596994452216
1.8726820451858115	-1.2055288466844134
2.7785657926606273	0.5840298283693705
4.517297042674606	0.18604355465817332
1.3653209903387766	-0.5925718815800931
1.565300873838896	0.4704253779277794
0.2319995757864389	-0.10454187046877851
5.602710955276956	0.03016083401149034
2.915450909923669	1.0824034241756206
5.758570865575575	-0.5098683809086129
5.155109033936875	0.06872490068868009
3.700051725477468	-0.6726742356450106
1.5380893849834099	0.3433668903800467
3.8126684387601566	0.9925048220214022
0.3604855968837158	1.00205495294726
5.119727361041303	-0.37466898263859577
5.760257208603559	-1.2445351716355249
6.194529394839405	-0.2446078577984667
5.932617354691107	-0.8097260871718464
0.017673415962900247	0.2745014885392798
5.229683581429776	-0.46105429720856317
3.7420450229902937	-0.23867770044077663
5.6131098662330094	0.20264943372466757
4.576254674516951	-0.8905226531356697
0.1623578338372171	-0.7811810962589824
6.230764968435075	-0.7893122446985384
0.25565461449630117	0.541048578227058
3.160585459444731	0.7402033670059683
4.347203966297424	0.6990873363361589
1.458320764952672	0.18563704989370072
3.19171559103669	0.6607478518720817
0.024237557928756925	-0.5155750122096131
1.1384427552983192	-0.6449287502180016
1.3597342017811695	0.8898187603142943
3.423876524958556	-0.08886093349275306
1.360592731917787	1.3272149582298354
5.04002246046154	0.2744241464710397
2.6923141791067597	-0.2753345308600213
5.99817012271619	0.9291396737578832
1.0028311084316437	-0.1845524225592499
1.986220371124478	1.348206770808956
4.3721929700611195	-0.46428823054025703
2.95829749147112	-0.3906237599093886
5.906941282376051	-0.25025528446629774
3.6353798782050157	0.11518289889699306
3.59467911486545	0.7837842702068188
3.5946935924405574	-0.11286594935922656
0.8983732198746641	0.6489522825719484
3.316121447213766	-0.9497040953964292
0.492930512589878	-0.9059971464626313
0.5905317195802161	0.9342879765438818
3.679229968973467	-0.06190158550790637
2.4093294401532126	-0.42100832645817177
6.192873001068218	0.12034533110296376
1.0764670993423164	0.28128446873415275
4.80054120466918	-1.2480853043269824
1.8514209027868411	0.21882703825136335
3.9527145012895546	0.2334368169807019
4.5998601230085	-0.9516843570256477
3.4255983052795447	-0.8876147966635439
3.6495398529782674	0.1295298328314047
1.9332238963508874	-0.5220014558522863
0.6821771868645603	-0.06307635382544212
2.0806487698336316	0.08229394647835662
2.891882696627087	-0.6334887945498305
3.4166332261957484	0.24629159298789105
5.744386788015106	-0.8781014845739971
0.260314068075628	0.38741097486493
6.028361296720621	-1.0996837190270519
1.5819940134611552	-0.1430664999035664
0.13653468271704308	0.8004036428025886
1.5022308509459825	-1.5498765906009764
5.04924319999421	0.21976535398418667
1.1476646341106715	-0.38492121329937146
2.053793955897319	-0.6389823496862921
6.012436601073334	0.31406814376029324
5.713439472501897	-0.4481277548521801
0.8675181412967766	-0.04318160992303084
3.50160525784294	0.8698302654480451
4.876084196572756	0.840484743606002
3.7741139572815356	-0.16961882645169118
1.2304908506582428	1.2285906382054057
5.034546036781492	-0.6436144067351889
0.20499131429633946	-0.6409244972749302
3.574106362021661	-0.2979099276449273
5.215383652417474	1.2990681814075054
2.9636938674034043	0.02262758515456497
1.1443304181675227	0.7366503948062488
2.7041000831403736	0.08016258741715615
4.098911506017638	-0.7300110275221667
1.8562752605548611	0.5885249871613717
5.5918427294288735	-0.9052492320319124
1.2611667993652989	0.1386265953672239
2.1068690283913125	1.0427704740108532
1.3223732517962274	-0.6890348381049483
3.85354197203963	-1.004928239140227
1.8751790052456065	0.012127190077434288
4.5281006603590415	0.5789626767868626
2.32689873201046	0.6244029022241413
5.432311416188797	0.751626438819255
1.974066442196618	-0.10317417089811111
0.742413847978723	-0.8075202858540926
2.2817750358132964	0.506772926323609
2.9786977877822878	0.19586782210210052
6.0928389092870905	0.8646328441377708
4.742154537779086	0.4809008894486109
1.2094586331073511	0.5226673572983744
5.856780325133546	-0.010205605620444062
0.45607727171713275	0.31090561115642507
1.12557456173586	-0.3777692104818255
4.36503349126405	0.4045004032957381
3.33785265253629	0.3010659001044452
4.622172405619453	-0.8896710355030869
2.285473269194915	0.3655391515858776
6.242333715561604	-0.7379060774750441
3.5933256037443515	-0.24505762210318022
2.306722095100499	-0.17768034094633375
6.070584660346773	1.1438586467101552
5.787899708825089	0.3453123295092086
0.30902482365620193	0.8161448690305754
5.893014213749741	0.8519339931049805
0.6427413620265812	-0.044133784815166124
3.1929512066643917	0.35071606019675466
4.560147909877654	-0.6454297092599207
1.3216425594456431	-1.4996373144434645
0.6447389831228688	0.43603172065642093
1.0060427424059009	-0.962669756466602
1.8257868217390507	0.644344964201366
4.059045498879255	-0.9870051330975192
0.9405087104209506	0.8594021116534982
2.6726328314700334	0.49202445881501916
2.145813175356456	-0.23569860454591368
4.081055444614388	-0.4183151771336227
3.32993071500183	-0.4302221324561289
0.8945674705516428	-0.6912677971609322
0.9660793226832424	0.4143687393330443
5.49376963810992	0.15574014115072554
3.405802616723287	0.30619457482486373
5.333066414275404	0.9169720644755381
2.3270546036848088	-0.8331147490001062
5.8386305003147525	0.21119485468323473
5.434507234869134	0.09900511259329706
1.3677145564630744	-0.8643202952168448
5.960416108061298	-0.8525184954039796
4.965140127857818	-0.48964095050116757
5.504135508381657	0.28507457775982176
1.2129564433595197	-0.5042659682926397
3.822827329206076	0.4335826644283824
0.9000986811843317	-0.676915756253243
5.293627336905131	0.9482291001111085
5.083447001905866	-0.7013508353809604
1.4042243013173106	1.134555251915585
3.1175630201858335	-0.5552365746315622
4.92808869413634	1.020248360862267
0.15292053150075713	-1.3844270681948434
0.5193862871506817	0.21871901742560065
2.446280056836961	0.14758270052440234
5.791328532718674	-1.3598268524229
1.478301225064721	-0.4102143541830552
5.328133497620327	-0.17810567756423368
0.44896699046910715	-0.5398138285023906
5.358466635530904	-0.3110966599938851
2.6474428690705345	0.6538752287013508
2.6656914952514423	-1.0128149529428854
5.301331753078444	0.9329385789519233
2.3746697352072177	0.3085532492621261
3.140422847095058	-0.5973466111392173
0.8755738228090081	-1.0258464391403967
4.791870179130069	0.4609245534696818
0.694515879293134	-0.14074827136925044
1.1005798752795695	-0.09029221446120063
3.4872479736970052	-0.7240435690357646
3.342038234356851	0.23507899980636668
2.1020745639706138	-1.4449010701795584
6.1705902707910525	-0.5806802545043004
2.4169760282409167	-1.0210440022909348
0.6618499178419983	-0.9058123013239692
1.679636808911958	-0.2841479014407647
1.65136094497199	1.0873683480117602
2.7974141643069355	0.8031103997495467
5.391021402676544	0.6805366206218652
5.819766510922324	0.9856115197478417
5.20621042309802	0.7135281782322311
3.5761393568306783	-0.6030684319398842
0.22200918938123196	-0.2871463987779268
4.406389631208689	-0.06145393352579607
4.53781929957382	0.92448670184246
3.305544459364051	0.04684392054137697
2.091443715116913	-0.0933909758040143
5.309610135291895	0.7399987556748977
1.908128419489487	0.15084202152823556
5.774265050453831	0.27406425045554267
1.6478914072794022	0.01889172038002118
5.010306815465796	-0.23885545133641287
1.6755769089370527	0.6130721815496482
3.642481504921728	-0.7437589829175596
1.7457069905107017	0.2909867342622634
1.9850165479592683	0.7327846422853734
1.6853417262831343	0.7387905334544148
1.686753360417528	-0.28300507433275934
3.798581411286809	-0.8711553497544741
1.6599259341389385	0.7166536837293019
1.4858717497016594	0.04624128545879484
5.263246441220571	-0.34766965337769845
2.0363192909718424	1.487398203215451
0.5360720786591238	0.7099742401790604
5.959138449820116	-0.368776175573358
6.144350694340491	-0.08982186403946513
6.201211056054216	-0.9013714914308785
3.153834955831414	-0.5418596894106056
3.711581100477872	0.35936874669873703
0.0637094684221274	-0.6126936972277467
4.111213725495634	0.1450197693847767
2.4543856032727547	-0.5149089188534247
3.863630564663996	-0.6601470595527276
1.1144841715978848	1.136738161476219
2.8275892972135956	-0.38584474756970144
1.3284949786481197	-1.1821133182348424
6.022018036972515	-0.36762371706379116
0.543908975178864	0.1748070312053691
6.175036618028362	-0.5961880890392934
3.0481005160866794	-0.7524949603080934
2.7308966666474457	-1.0299674258138432
4.488077635596387	0.5869522022806528
1.9054544729605174	-0.24303633166439942
3.2490914671491065	-0.08240790101742078
4.340727111355586	1.0599414240019103
2.7946567425514606	0.04318994992317415
5.416611795071261	0.2902344297922114
5.33826443033994	0.8553932143769846
3.2122858215926	0.6472799833745494
0.17521344465213556	-1.1300850273100966
1.2704935475058972	-0.19911745722466034
3.398932324858468	0.21925032436969993
2.964045438573886	-0.22666918777183792
1.9366198408010966	0.181627935770694
3.135889363305165	-0.6168677845355705
0.38065280293877213	-0.19080028244146205
3.698553613802753	0.30854491978701065
1.375440826821936	-0.38088392321291675
1.721387792207064	-0.5421010962101163
0.8223797538456148	1.1871315760928955
1.9692706284163697	0.8263717221854564
1.0651384534130153	0.783877432358382
1.742003638599716	0.2730134528087744
3.269860850644004	0.7249241345918307
2.30958696219091	-0.7606648882705511
0.8481029941066904	0.015619035452140759
4.600635578842382	0.10080708430463405
2.1427449668013154	1.1758911388633537
2.347583106099592	0.12870110788826283
0.6619018736586673	0.5310326067620381
5.840274801990016	-0.39400600139912323
1.816328945382125	1.1828859004039507
5.035034223528771	-0.13754023693823275
4.163977639207293	0.09192680166933442
5.053205654179014	1.3063945284892657
0.49093549893065064	-0.9980651937175923
4.270717500879582	-0.7973372686389437
2.4041553459740306	1.5068775358871356
2.8044592563249733	0.785771960493681
0.8557887259762343	0.5935390484633702
2.9721648490126125	-0.5325470307290479
2.3992390509495647	-0.5770558927265228
0.14674006920451405	1.1803767794064426
3.545890532000994	1.1860964771276818
2.6487204272767575	-0.5587735602706372
5.849731402904118	-0.30552366722086205
4.95115080960054	0.181415913206832
4.956721243992092	-0.585751271531723
0.7120783716249892	-0.9071903386952838
0.6965051377752014	0.7574452795374808
6.1329324715538736	-0.7772600104598947
5.253733218647994	0.9180089531457533
0.6368648798172473	0.34818114306446374
3.259495616912158	-1.2791420309145418
1.6953401697432071	-0.5408247229798218
5.946936747427763	0.7493659355317283
6.250301000744975	1.0031185195544718
0.7737200037288614	-0.7297729038201466
2.0963415500531966	0.5480576843385763
5.740248638163588	-0.3266065334940444
1.8978141006505487	-0.2931153473855244
2.3234779599090762	-0.7150053710953788
3.783855197085753	-1.0993103574961736
3.5761085710927345	-0.4387623484016969
3.2051946037257895	0.8184756767937404
3.565431425118743	0.85896188752605
4.750534427341026	-0.7676358022352759
3.839156011975932	-0.7206203187778885
1.6427013061587696	0.5190330521507484
0.506798694620436	-0.6440533151566855
2.8159150057114672	0.9045452670224081
3.281607110043478	-0.6245214204243168
3.938664072733754	0.6030269752403412
5.22255456828001	-1.454743597343946
3.395278764320715	-0.007628168424954753
1.9155812210219723	0.6126688030213664
1.3330009096067386	1.1510724644559769
5.478550974436762	1.0834304629383018
5.95377526211618	-0.0767274728006246
5.844209229612214	-0.8335851687044372
0.8209327045540009	-0.7750958864239469
5.766255339276736	-0.9333690009437015
2.9902109469619553	-1.1901409906063947
6.116142672281013	0.4006049965662779
0.26254774263418224	-0.8037613666208242
1.9096465043128013	-0.3591833608031541
3.5155104162428645	0.972196926946327
5.857551878367954	-0.48045721498340327
1.8019762220750088	0.22511432230556339
2.8964444127996565	0.5002647633198767
1.990740749618101	1.234492254440891
5.556741914094786	-1.381067038872179
4.964413446156602	0.6746133902058135
2.5548456386365124	1.3456431460787857
2.4276753506294835	-0.19803492589535762
0.9631132933158205	0.12359339924672531
5.869157471666495	0.38280663320904224
0.4131881995089102	1.230432917063466
3.3194834459652673	-0.36432090577528287
5.414933240345108	-0.736665994652463
2.353106688543388	0.3704055629921981
3.3930173850569223	-1.167497662461358
3.352203664539584	1.2683039676453474
1.411234734809958	-0.5260776889578678
1.8374327376402533	-1.2785648676892618
5.875199589407304	0.5631943639754939
6.043664849436157	-1.041813215261507
4.845175882517791	1.1239259125568133
2.4740066199267834	1.0893260292906963
2.9307966197333606	1.1903049591482393
3.0052537511105437	0.04946199754280783
1.780592766630296	0.780468174911237
1.0284438517357277	0.17601864067788264
2.139684371145084	1.0043968779411376
1.036363480639862	-1.1129046141759678
4.089189187245091	1.0570511759940722
5.119444631574762	0.314100182291786
2.5136791846296296	0.7368446712208107
2.9298267173907537	-0.21107851461921395
0.4561140426324832	0.7208230265339705
4.161893892783417	0.0608267968127273
4.129810188314253	0.826708288933329
5.084457846713351	0.72838248415742
2.212348889917269	0.5211867393498514
2.9531996669618263	0.823546295140522
6.185900322322033	-0.7425853699602519
3.142761775943923	-0.6111497244605478
4.00239992911955	1.0028490360084918
2.3023537266960186	-0.6219257342081334
2.0209471437565427	-0.672844234109613
2.739657057417142	0.5123055501446088
1.917153949067835	-0.44874049046028935
6.162247044799715	1.0441820790604934
3.3352393637588897	0.9336849078899389
2.8303781856044723	-1.095596295882274
3.921123541433471	1.4694342294945175
1.5468600169064217	-0.6884962540735355
6.061266246404609	1.2058339646661163
1.0979645554218012	-0.07844657251558546
0.012685667829797524	-1.4576626233549612
5.123719111231327	-0.5842990527654861
2.3397029569719257	-0.1775428952688221
0.04989568285715214	0.6246934133892817
3.6427759051837794	0.09081181898400446
2.4433635336990593	-0.20698528191892723
2.5762377344842413	-0.10446037957894008
3.800690875560635	-0.538170212067661
3.643830864057811	0.827128582062919
1.7168379301346688	-1.1134331888742675
1.8938610072323947	-0.9791284594729128
0.6267293441142748	-0.6282734850609341
2.938480484215282	1.2151889386610177
1.6324036853760266	-0.0042073484513629605
4.0760985475934115	-0.7062333234642192
1.7301473238416656	-0.5601203794579968
2.480867331897549	-1.1875558768153733
2.0787777354297554	1.2630437242273502
2.541495082051859	-0.9957599357551675
5.13127710166405	-1.253401125738472
2.555491956580543	0.04708538202499372
0.8450892977782376	-0.21354576771732997
0.9829457449068709	-0.6320994887071597
1.1197598461741072	0.09054786746098283
4.5160989285494875	0.6380518213933951
5.193262109573243	-0.9549002474499011
0.5378864053410493	-0.5144490531522107
2.545739963918868	-0.9408055170683328
3.431258926464497	0.3837371107498954
4.005114671600347	-0.7541741056976998
2.5803608118436894	-0.5580124197581495
6.196137512444398	-0.1670367250008489
2.268848313253361	0.2729942837060046
0.05414614735414394	0.5190889070072269
5.155993968542703	-0.030236796147335394
5.360534144161942	-0.06716391093219694
4.756234751740034	0.38457810047615887
5.463414246828199	0.07679591882837368
5.87372119692714	-0.5842760076027436
4.026732891343469	-0.305278812560719
1.6009979118216042	0.41658294881233576
0.43955504618542063	-0.34567217009585727
5.857120293005277	-1.5131920714635976
0.16036497441492728	0.6497778084987125
3.8909744437336142	0.2447538241164156
5.8696008064313325	0.6509662928677763
5.832265393593422	-0.8687872657103072
0.9112579695187705	-0.6440492263845498
4.9043591298611755	-0.31484376850471096
1.874359244043993	-1.4265201752456322
1.3156869476105755	0.08717741741054877
4.9299923052822825	-0.1468405592804413
5.669048522604139	-0.7613879549129555
4.648633070922666	-1.1506838552632983
5.670432274172131	-0.2950575316336747
2.0826888696535333	-0.9409833172596652
3.0436963191548414	-0.5153769174066053
2.5589323141661917	-0.27397252306377823
2.4161574288360077	-0.8897092319446512
2.4999637385909383	-0.5424850425468031
3.5426575334754036	0.7906982182088592
3.2540075890621676	0.8363874308392896
2.9295094838674878	0.10135417466754801
1.1534293515978422	-0.5349914244626026
2.3702351099019574	-0.6043361510344956
3.492456927227203	-0.17880214818920548
5.425209579087838	-0.6380451481905185
3.858243686557399	0.45556314507880646
4.786631361139918	-0.9283992677545095
0.1384522321036232	0.7184722098150299
3.3389303989835555	0.12341872567754802
2.577820123241799	0.31168793350191576
3.626769708271277	0.11817490072802683
5.541904868583409	-0.12674035703562286
2.736497348413332	-0.6515995722318412
4.7900335826866565	1.1225567865134451
5.855508841294107	0.3076860179110534
3.7495665138162684	0.12773864492741568
5.510975284526668	-0.8477943663681251
4.096538112484953	0.1871642397672027
1.257505666770399	0.6157128161531692
1.4160365800692791	0.4106895401097096
3.9709284721852827	0.30381498904152965
1.0236025702280227	-0.37129551150819373
3.745924498432899	0.1701348895330261
3.446912546337778	-0.1199832581939208
2.699736725464876	-0.1819490648457126
3.7164441428895905	1.0628901439756546
4.061298289940186	-0.1184767636845271
3.331439371135542	0.7352819096867473
4.329955201823267	0.7809558825743163
1.8332238553907825	0.19412237384277628
3.6289678378619254	-0.30518542705674273
1.014225662532991	-0.47579666486930655
4.382725756383988	-0.20818689781235053
3.769238375459254	-1.0318718301017342
0.7295160050384428	-1.0012455842074082
4.777189893966559	-0.30113149481653617
2.696198780954599	0.35766495738071596
2.5924251451445395	-0.3508265393147196
3.5134277583463405	-0.13238183254006688
5.23009602385848	-0.8225137532769476
5.939017661383876	0.06016754610533707
3.0582701667574703	-0.7359643493683525
3.607283027648426	0.7364933083180688
3.3203957061338274	1.338628890939564
5.424472071869587	0.4361509344388422
3.424862380915737	0.3795154387156162
4.029395060622667	-0.05758399565370108
5.96973287032229	-0.696388130210037
0.9556578596738856	0.3764198344326417
0.5693164885714316	-0.5992075415112204
3.795798801392567	0.9151826970864422
1.033337096839459	-0.6590306284337247
1.9872973752961187	-1.3475648780192113
2.140188852391588	-0.12437517852444681
1.1346910171102422	0.14739213614284247
6.136658250781671	-0.0793247762249708
2.0549325193561008	-0.15704533564398007
4.326417750544221	0.21012773502742238
2.5344018114866733	-0.3762278496285912
2.030545724136681	0.8004398116169146
6.048622186626043	-0.4723698189008534
0.45049555586494744	0.1458740191018714
1.0194137224108628	-0.04629398241699397
6.179301143691493	-1.176076703833652
5.824699883574187	0.9323565480783207
0.8824129643911786	-0.4405466530622456
1.2429453019964187	0.4665952527786886
2.5652680629561857	0.5851960323465867
4.46157506431292	0.2577043275544202
5.387283596354516	0.2320603353205303
5.265086255573992	-0.46232691449467245
4.459600274241393	0.4976684759070691
4.661654717591925	-1.060568220813257
1.4631892583001225	0.873572987174688
0.976817136533042	0.28955642052137787
1.964110697977986	-0.27222147190849877
0.5279734909748008	-0.1777668489487393
0.05367250575811719	-0.7044040345763141
2.707856711733117	0.2719264410859643
1.4053763873507685	0.5384926834568431
4.103477430371217	-0.11167813347393916
1.3864029430170592	0.21395058816211573
1.3452923912702033	0.565780737183923
3.773831296780735	0.9795617922965577
3.588303456513862	0.5310333855884979
1.375324482017615	1.3289320980496468
3.8164672142466456	-0.9938999279437104
0.5016217650883817	-0.5239881105792454
5.554478886822288	0.22402505954642288
4.958548534105601	-0.46959202559683927
0.04495821697240407	0.5935858790677345
2.7125239690822727	-0.7553466300196193
0.5150971817427095	-1.1889434084981225
1.8611417405851733	-0.796908969976514
0.7681243554918274	0.9840838498764095
1.9161385000641473	0.3122438165457517
5.24831177101211	-0.10448498468497969
2.964765080538829	1.489485127406218
1.4439868222183248	-0.06260936155875378
4.1057780567808795	-0.9140554455599816
2.2005799430630497	-0.44597247580928134
0.25524159480132397	0.9302071949112719
2.744072091299597	-1.1944308712253975
2.495909443395591	-0.5550763269923937
2.5838583999753064	1.2440253576254698
5.875003785815281	0.7275683006394247
2.5600915599857093	0.9333013442806842
4.4777624605787745	1.224672655430723
2.550256641166856	1.3706976549010024
5.439542908999503	-0.5485199136213961
3.176317122330181	0.15947821093276485
1.0876168935718409	-0.09128613338141549
0.09225377886911365	-0.3522974557571711
4.2263396095037855	0.5156011256932806
0.5839311207162661	1.2045737253889732
0.2744131866269368	0.4521770131471574
3.4938235959758837	-0.5327608476561969
5.731415323217832	1.002872752075425
5.8787417518536484	0.22016434718552644
2.172468826845131	0.024279517944730433
2.349002777207071	0.05876295337186745
1.1944047097021484	0.6365192296470243
6.1613093888361945	-0.494208726458506
4.607453092029651	0.5314181033444523
4.76490144731145	-0.22062379850579183
1.2555362962250622	0.8514708772245922
0.4115436984306126	0.4345341292350987
0.6664927827181655	1.3211554081705639
3.408766762196768	0.3645462895778113
1.215672021104099	-0.623849682958707
2.7136501955289503	0.4306820249087717
2.9992770093709087	0.846497394262941
0.977171611170528	-0.029010805837341305
2.9890596395916296	-0.5224424970943568
1.9745440991734882	0.4025388827556881
0.12929891301194812	-0.5811303196644415
6.022335652630645	-0.17695869969535602
2.5022254260419263	-1.1218879626642335
2.2076178755997735	-0.42212259456537915
4.4490749060154196	1.092407520325601
4.325268075350624	-0.5216776668722847
3.131265368382605	1.0319851668698656
2.4464195948626277	0.6868580300019878
5.567271773519663	-1.0354665682466244
4.180226170462548	-1.1372930586143213
3.8515024172949195	0.32522710043787273
0.035558066991387124	0.40625407325171387
2.598867179642227	0.06454611964583862
1.8410857747031295	-0.823379681890609
5.024357963774205	-0.3925972191958423
3.4952845369115786	-0.18097310163984942
5.746587813387203	-0.04105256674629892
5.982844547712477	0.1296734613011511
2.8924380716154063	0.859072838904175
5.185389377773397	0.7157930102711977
0.00394321894377967	-0.09560992540920558
0.6802402619701194	0.2830618723852128
5.460327758058023	0.47813334684182823
3.8344808042280953	-0.6706186029792296
6.04008004039558	0.48546766535651514
6.200308927717102	-0.778394465108523
1.0492116548958537	0.6548555800628831
0.3549457976801562	0.7490257547313626
4.990509295780475	-0.6321932995685818
5.070733882891729	1.0228069012336802
4.358163587568849	-0.30053221656403617
2.1969086371197792	-0.5187406056229215
1.9075314099988125	0.6830159484849346
4.036660001676157	1.1435236589149147
4.038793560462867	-0.19865818084184952
0.08350361437315498	-0.21041215279037512
4.310112445854283	-0.7739483863605555
1.4142816396848072	-0.7138968623138844
3.640234449021795	-0.9017503541703124
3.4582891687277946	-1.091144094375375
5.549128717540143	0.5348773224893208
3.8330725562391317	0.2624470833661571
5.750086102828074	0.014197565523544663
5.8859079714308065	-0.22739019970810453
4.911229360187635	0.32081765469788515
4.702557826600709	-0.29369047870676873
2.7443927045055316	0.3971088924787134
5.77573452334761	0.35272459643620824
3.2625847928138727	-0.10776151375625832
3.376470793292372	1.0723643157237004
1.4580194784598681	0.47077866831359183
3.389714394518327	-0.4093782244022707
4.3175183932758765	0.8786677577182864
5.204189029326142	-0.32728351204717565
6.160545885682403	-0.3097740749045123
4.534620830826346	-0.6111157477407472
4.1573653074955415	-0.02479292067011851
3.299767073274834	-1.375285532619904
4.625692371800156	0.3124063143078174
4.791864927201607	0.2975348593820592
1.9153338994712437	-0.2954728648182448
1.8024114152294626	0.6159780307020876
1.5339233797503518	0.08151658820498398
2.514150274279889	-1.1540954019678367
4.363294549769645	-1.0586330885609225
4.858141815607714	1.1695257796269825
0.9185471483701569	0.23507619470475716
2.370846928835005	-0.43479280011538385
1.701579097738356	-0.8641006301383167
5.546913990130146	-0.2528446150488017
0.11782553288346316	0.09409639762525272
1.070532776904931	-0.3134249109232251
3.9430413464930543	0.9463486586764619
2.2838335460325285	0.31923436552124596
1.9558962196339043	0.015618772113939553
2.61727706571068	-0.7912706082502415
5.6562305014736465	0.6342943694171443
0.02928081236932612	0.747120310950687
5.42565926013214	0.34287710467441895
6.165395057452216	0.06408370910316401
0.03853107387517467	-0.12139315300416367
0.4476982442672858	0.7798628303134898
5.121444196190191	-0.2732560782928505
4.970057687584279	-1.4347982767117977
5.475765580152045	0.7253974207676734
0.15615613310208765	0.9490160095663942
3.801482808926892	0.9712096922598502
0.6918770436272889	0.9533234993929469
3.1415977753751214	0.681228146709131
5.88139528423102	1.1539912981172813
5.615114662415899	0.1614415565957732
4.617879045980554	1.032536829563102
5.149795144296554	0.18192644017295626
2.4048060756419103	-0.9047794478398427
2.340570470407763	-0.019838312744175635
6.111528334068914	0.4091360933465015
2.3349757044045094	0.12132945445534363
2.5589536287958445	-0.1646202883955121
0.5994637424203736	-0.6075316497208721
4.77448402150037	0.7734526728396601
3.936780091244575	-0.4142948558904462
3.501583109589316	-1.0106277632593956
0.3974242001699705	-0.8740683920981903
2.882856481254335	0.7321740841530913
0.5398655987948576	-0.5798307949682873
4.9288531168124505	-1.2408121135549446
2.466471041258673	0.054931979488448475
4.019714518128557	-0.052043227980684684
0.027591968482064032	0.0067862870877953415
1.4560155935092296	0.5093202368702218
1.0067928638509251	-0.16163903207836502
4.11788883215671	1.1487779708669836
0.7766441650769015	1.063073911120291
2.996347910487931	1.2726688793938843
4.928889609922044	-0.9618123071571487
5.061206698269133	0.6689276603647694
2.275125300703131	0.7235659535792263
4.039256973997313	0.25255620813430874
3.0978579803567086	-1.3606814485667154
4.947119968210315	-1.1831473893153577
0.7861573362011177	0.08559686553802899
0.20235465782320422	-0.29043518177252814
3.605455526361368	-0.12364111442167573
0.8371556413609422	0.48057183201285036
0.0049881065174623715	-0.28333881789486215
0.23838525567794955	-0.7695398223900414
2.049531995658612	0.13574060991090067
5.80370893672306	0.8016413186505176
1.6884770751227223	-0.3938338130933619
0.7431060101031899	-0.05242152799443431
4.726292220292649	0.5532085690330795
5.791658916717887	0.09704159314306243
3.962600448204945	0.8479367340027727
3.5142799187609226	-0.29939003571962003
3.947235880045996	-0.3238044093048257
3.3291615288439003	-0.17119807855015517
2.702789109840862	-0.42462557183310456
5.005248798652175	0.009508943751582085
6.112791126031518	0.1756634603174579
0.047967173107224335	1.250594134073328
3.500623526875328	-0.5408864037906129
2.656226069104448	-0.23734782775056415
2.9026062421365375	-0.11736793451423358
4.208018092082694	-0.038201409965141146
5.428082999443195	0.6682772752807781
2.0083315039261564	1.0553395049108745
5.131422229796662	-0.2745567832647215
0.18331189225241964	-0.7862632744869362
3.5048601371565726	-0.8684066423789292
3.3357972365329998	1.5182733424574049
3.1074472138989777	-0.12743095686024974
4.903413121076333	-0.356073371339213
1.1343518229569123	0.2863727135567939
1.0423529867629433	0.3166014799920199
3.6604065894971693	-0.3296294010145528
5.881839606524779	-1.098782574092739
1.0013899591519846	0.23627775888082148
5.217000642846668	-0.2716479411567501
1.4726175834086417	-0.9885614445678803
4.641367074589796	0.8631803559678155
0.798956513649241	-0.08132362303536286
4.647610344218255	0.6670482146139115
5.489514291821343	-1.2588947904741716
4.225495584558227	-0.25030169981762235
6.021864619925458	-0.5010335412989136
1.1583316507947259	0.45948027869739766
2.647067128905223	1.239661933650151
5.111980961997643	0.02326212002003114
4.136784362456499	-0.5132407393936262
4.568822505167315	-0.4297911145180458
5.974361014578728	-1.1195916844387557
0.09212183218243812	-0.0555017598012737
2.3932934546767073	-0.5811795328190756
1.0572160045689845	-0.5891633428015418
5.323373752509058	0.2597068409175348
2.7522251241471873	-1.0699219519720973
2.4140767912510204	-0.11631945443214851
3.6392603445381404	0.45634281698256995
1.4992294630625105	-0.0720186833731759
3.0801548833449215	0.3947217271700605
4.854444005105628	-0.0886793268161834
3.1714026129562103	0.03251827345806628
4.548983780794841	0.6745413788800818
0.38208868479529356	-0.19256985567047086
4.535651220831185	-0.008278069112049516
3.415700964958371	0.5929654156973381
0.8545009364498081	-0.5016521047738963
2.089298855806259	-0.3422829772486612
5.822816480216219	0.8537539014550907
2.8820492929915695	0.1322244730600178
3.7698358590742034	-0.1482241930114643
0.4741814128258699	0.5936456785367924
3.3094801358640895	-1.3462016384259143
0.28513739969918545	-0.3326158461887534
5.167691648130668	-0.22362852440349626
0.9676266440063029	-0.595384489399948
2.069746349859598	1.1334379153830345
2.2459735256629143	-0.1866498605102018
1.5015750215972592	0.8233780739309202
0.7634248105813778	0.8075516709146547
1.4371005088185222	0.5369568700908165
4.833903429865653	-0.7857868584538765
0.583793024532688	0.7571861068849743
3.5064423244890635	-0.3236605503081841
2.4494291961181927	-0.8403516904610548
2.336223513415572	-0.08785312161138431
3.0738783338049416	0.9749327936843595
6.156413530517079	-0.3517298493996726
4.994730695169595	0.9017528009486641
1.6712929019579998	-0.8808651729875652
1.8280652803267239	0.4739068839976904
0.20752927885039887	-0.9167028782812461
1.2457942789405119	-1.313895104973145
4.321245217001452	-1.0305257951178497
4.53239871187193	-0.9037510547584932
1.5460003296554574	1.028151212282411
0.25499593202924026	-0.11622682831047937
0.8611316151496274	-0.14981541154799488
2.637867191751135	-0.7718310491486068
2.1290709513042674	0.7244546451015491
2.7151942243390703	-0.06209192483710494
0.1070708506596734	0.021310398834540844
0.18661986426009147	0.49150206499652815
1.4338283475014086	-0.16520907764943288
6.247436466706	-0.8272043283616711
4.890069506269968	-0.08124730483057403
1.8787198059044343	-0.4754058663485032
0.2675706926527436	-1.144655797928507
0.5126402728872186	0.25242206505876813
2.155586007563619	0.7463492318642593
5.013459434185856	-0.7506667489336564
3.2080472544885286	-0.9282963697936402
6.113474375833238	-1.3655127755589889
1.3727937235529843	0.4471723912661879
2.9806974661742913	-0.10301202944235464
1.1428605703266128	0.8519276583498273
3.1449542026026003	-0.7580092780781628
6.237743385942102	-1.085578930558659
4.877795924407148	0.9645037996604293
4.376344412529955	-0.7396244598092009
2.7705452906946015	-0.3502840403138943
5.689237973206676	1.0403200356083726
2.9081450695096716	-0.11719250534351763
2.2980379578249983	0.3265369034437317
4.877152813095868	-0.38896797203731676
5.9443726690622976	1.0992734600528995
4.55660569504185	-0.7823110423268097
3.9054327690267883	-0.732029782361287
4.8272053176463166	0.1469880975831281
1.13452589528757	-0.07850147685826797
0.5026117144784865	-0.9984944391900321
5.393052757070668	0.5146037879093862
3.580442872416941	0.6721338530332936
5.788014657452126	0.4882701355838954
1.7822455784484494	-0.5479567598677959
0.25765302804893275	0.2850659344265323
5.817071218765536	-0.7655834794992538
3.0448497645138355	-0.31400399083770825
3.5666729893986133	1.26478151049223
5.6768817087079455	0.05505402470903976
3.278728332545174	-0.4721933144719058
4.171227678935686	0.16623632383841616
4.680564252822101	1.170691580285489
0.4147547770538841	-0.12393171258096579
5.192152213864059	0.9112633759691096
3.6874639692491464	0.1365366577711129
4.943434661216452	0.5283370660185354
5.0159510448149565	-0.5643926391114718
5.415578042610217	-0.25934755074303856
2.746411377836516	-0.17675251835699218
0.26238902651868934	0.4929152623654115
4.101120563797527	0.6199068178789442
0.6046655968953777	0.3193056966540806
1.5319331161876506	0.9804615494550677
6.156625867426772	0.8688423286443839
2.4515029344523773	-0.2627951172989772
1.7060116049344427	-0.5688750197772525
5.840892700512504	0.5508345296600379
5.46860340377152	0.18242009312170163
0.06440268202200869	-0.5588644040847324
2.2184766054737395	-0.6674717128690463
0.7783565125778165	0.2792435460630716
5.234195378521833	-0.14639411912860692
3.5406952719945943	0.7620628391742814
4.305671768089758	0.33579666058380764
0.5275194940284588	1.2563889221452451
4.991320772586414	-0.5586056483103867
5.10087289292168	-0.612327488951777
0.549695086453782	-0.3546475568747362
4.6408896923108784	0.5011525542603599
6.0390360346886425	0.12609546320420176
5.290915469981544	-0.7872521543525911
3.265038966953097	-1.2097328855254146
2.334696438693478	-0.5689496346730794
4.544130299951882	0.22588600554988825
4.698478380343898	-0.7512905741603986
6.224615432747374	0.12204165868588665
1.9091633988567889	-0.07117491134117768
4.1988105707047305	-0.43852099794647764
0.011416607268419143	0.7656469106964776
1.990965022435202	0.5936851858091533
4.989888464077415	0.5431897913190173
2.22848023930235	0.4209364025226212
1.2730256639234592	-0.6921629302562117
1.1308722797049624	1.0134891735142717
6.216557845051003	-0.32170175707306636
4.091392781260229	-0.7181461287550466
3.805306495878375	-0.590100773033229
5.0276877386102035	0.17269695078172478
4.205064816318967	-0.45253725766024444
1.6914315859045892	0.05294377711472248
4.712481640081373	-0.8653229755025168
3.8058280239552476	-0.9796615574649258
3.9304788489831783	-0.43431902314945664
1.0244276544462867	0.5423822238439715
5.493216725327653	0.3126872436088518
1.683535453758308	-0.5008507539637037
0.8454770846640832	0.5886301480605632
0.4232496644061107	-0.3964408556338092
1.9556537627782205	0.1368037976123749
0.8751736851343833	-0.7132666785260381
6.101322886239014	0.4627539565610213
3.67186024257741	0.2904389787999817
4.646626917880203	0.16763221223715127
2.9372668815149416	0.5536469265205288
3.574699576457658	0.5871551651334289
0.23765109317299093	-0.8685718888131458
3.489126882367299	0.35732330689799435
5.7234476544749695	-0.10420686528705944
1.2387346912286437	1.2640409539376687
3.069346004923384	-0.4702086218755554
2.1684776519060547	-1.131756259521095
3.953465220048657	-0.592918777154338
0.7561710800624614	-0.15232393259954194
4.332512264272871	-0.4651168732305402
2.9576676613254005	-0.08151148007260815
1.1167048344760526	-0.3532497980327405
5.392803303307997	0.8529310269807899
6.092728508680735	-0.4879675795623659
5.11663907496422	0.29935668880162997
5.636981115708764	1.3074120671592437
5.903686969285695	-0.356470058153233
1.163384928372815	-0.8579722517345102
0.9160946364167105	0.5294301423925372
1.4493518527777203	-0.5253069749431678
0.519249426181275	-0.6875412528867161
3.5165036555643754	-0.5421625446001788
6.076070020928341	0.371401988581817
4.935530092485622	-0.06964531480228141
0.515769298936735	-0.09104912260555344
5.151010120834078	-0.5900803723147848
5.393834114592077	1.435297802511515
1.8342868452147911	1.239638184059975
2.1170869755524238	-0.9157409651087919
4.702638014098397	-0.768071490008692
2.399539987032848	1.070238028526799
6.240892042688858	0.7123150999108171
5.04896175171785	0.6224797573384567
5.3310830141955154	-1.3727961592397224
5.988881436882271	-0.7474287737390404
5.830256637680341	0.9665500380338847
5.199299209347383	0.019299826934011353
1.462828096448521	1.279144778812057
4.7852059960978535	-0.5386632944265748
0.18652871632379142	0.4280507641943199
4.266662304216202	1.367094628436241
3.9649541821198113	-0.9536155322812738
2.999558838292562	-0.003785610291058631
3.8475670399376884	-0.8084539695948026
2.15925737523243	0.20041284928293926
3.4984675030278125	-0.7775884888836178
2.8372011341025356	1.1272939129494557
5.028632783714421	-0.21237821426195844
2.998703661543662	0.0915313352224577
0.6523253659274081	0.4977855103433392
0.9254110505609663	0.6069737277936591
5.110159936751643	-0.12450838862499015
1.834622506626778	-0.19972053117516558
4.237650873657831	0.5693607400203586
0.5279631454770927	-0.035510640821135545
1.1981078498490731	-0.7138383131709964
2.382576125945441	0.3442710578344521
2.4790434404232475	0.67077236810437
5.522922075475093	-0.8205599895474498
4.885102681533354	-0.9755558631424786
3.837663813188918	0.2877138125832447
3.4421681800614015	-0.6333693166522648
3.5206755422147906	1.4103799388449336
5.127426929697884	0.4556413292418257
5.945289770228659	-0.3687432243061776
0.9642380037993892	-0.3980204787725783
5.134953250054463	-0.2851770145116941
4.392101896483636	-0.7061815539762011
3.9838610669362016	-0.10613842707549832
1.16175213963895	0.020583066190704328
4.106180501672671	-0.409356083720901
6.1107323895011225	0.5555760570165089
1.070749599075192	-0.26666577655305956
4.869450754878172	-0.2545567072844067
5.610895336773729	-0.8345375428260381
4.208968466124228	0.048462906832183385
6.032542789012983	-0.2799990776013842
6.2260842194138055	-0.27163226904694054
1.6468749086804804	1.466142321856509
2.864744550111256	-0.5415303186627634
2.453971516239372	0.37317931314805836
1.030731593686456	0.7248733702134424
0.5397959678067382	0.2844329233015014
0.6402949428089842	-0.5613542643521328
3.790703089509005	-0.7320151520082391
4.134612512759758	-0.48395862074123513
5.700213892961123	-1.2657161991716512
1.7349249293893803	-0.5528795764993015
4.727317564905039	-0.6124341266846061
1.5796015984959093	0.7209565944140306
0.35890774670747144	-0.533795198975916
3.3055551629018454	-0.45010790164866765
1.2042757837878084	1.076882192343901
5.0561109676234235	-0.09137994098439522
4.48239063465087	-0.7589674459367441
4.230123159902394	1.1975227169104967
2.4381085156940827	1.0524036611265863
4.821126674201798	0.7312527797650074
1.5723273858047495	0.46107226807416707
0.22947752259174187	-0.2216142170556604
5.046776185312384	-0.8711288933091155
0.17271836043787586	1.0799232885461945
5.9727879204277095	-0.9238461680460539
1.5157337851599695	0.46133594520626275
2.3275658359658404	0.3394101191481928
0.9028707539130619	1.4305316608938827
4.346805308065742	-0.48361683489313617
2.2382453304996206	-0.06553864044171197
2.7488813439210937	0.7610464484919747
2.9574131215549233	-0.7420941102021184
1.7208945561824596	-1.1053931269902475
2.100217580540872	1.0858082227495998
5.64539052158575	-1.1034712872399586
1.336296640293911	-0.08393034181443855
0.1855806287453895	1.0300936153383469
2.4460580811515147	0.4645853106130135
2.7039842573064115	-0.34963807934070784
5.659994001242103	0.04407121023304727
3.223397960801383	0.957594157630462
5.271884217642694	-0.6468659965850466
5.1643907061759275	0.8428312633409871
0.2820513991780821	-0.01171056346012497
4.4641345949393045	0.00703875278721407
2.2947688938185378	0.18187531337538754
5.973882142795127	-0.1289492808671216
5.724386954073025	-0.3342303452758384
5.625741386612849	-0.40903588027975607
5.257987482594419	-0.3753236190938001
0.9485056258509039	-0.9358014642060833
6.194908395474605	0.540503843427222
3.4455676875613457	-0.6287927132344607
0.4149472250788013	-1.1699175614835584
3.1372705721304976	1.2006111829120931
3.784162854815809	-0.3184167306858538
1.5601309089820086	-0.16787978575629237
0.7423235377629661	0.19521269025863372
5.903880334233776	0.7045169025811551
0.8176006518290232	0.2813752933542688
0.18838637334702116	0.05247521064781961
3.462967627392734	-0.7449535882441847
0.383469559520972	-0.29621323299889496
4.863124243188394	-0.36346183727526526
0.044340583063878766	0.15086328698101503
0.41416707609034736	0.16936016744982582
2.41441105172463	-0.15795902897304326
1.044272219375041	0.9622018529453445
3.7919109983075825	1.186651466232239
5.670949935744151	0.17494322455002342
4.387845297010629	-0.745543917024461
3.3622345471723354	0.7435852658765206
4.718622513007026	-0.04076406074434002
1.3523593419641216	-0.6937600391352636
3.74348063160089	0.7758359681198362
5.47711174251251	-1.2256520705704994
5.674198981950745	0.8156027232959483
2.63659355520319	-0.3164574303584944
1.9502335007160605	0.05681236493625336
4.667729123300317	-0.7157033810937334
5.9551451774407544	0.35917720538444725
1.6878495864146028	0.8275586675075208
0.6951489673343808	-0.5798104316630468
0.5528253285950269	-1.126214273987168
3.5403172561345517	-0.8303801255201902
4.149110343725893	-1.2862794309922905
6.108997320379195	0.6202144833315237
5.951698004248478	-1.1116117475947558
3.719317152094774	0.46194445158300984
4.206587748636838	-0.02497381085963203
2.5184572264193044	-0.07572231392455502
5.912491707378356	0.998870121886177
5.5274444477865465	-0.6578729472753085
4.8159981521289	-0.15305618449471034
4.55422435595544	0.3718370495394678
2.103780497018061	-0.9335457185168486
3.326012347435198	0.8226502265145975
0.11682800302562045	1.3679338341490892
0.7894691135098423	-0.3550185674663389
4.164483562837384	-0.6691065162382541
5.344171483832503	-1.0775031750867357
6.10608677819443	0.8215964452715604
4.790266662029005	0.8152454200105257
2.5642100486237096	0.26433362436156643
1.3692927683035505	-0.489488304790507
4.030527143862884	-0.6604773848897818
3.158543452137714	-0.10923264046081627
0.5872473420160444	-0.4840380087756817
3.3191953485740995	-0.853208800573095
1.9136058184685603	-0.6960993727656918
0.8253544266132044	-0.32266443896720587
4.566149754804271	-0.824970870990776
0.6340247637112524	-0.6614119171266859
2.9733591518458393	1.163708713487034
4.653112919242336	-0.8308688474204062
1.0162947611741109	-0.39484406401628613
1.8021003618923277	-0.4957455128424162
0.012091107822692076	1.4672399084827932
1.2484203641402327	0.6131456613557017
2.039508723557937	-0.36033007458668115
5.661826036070393	-1.0074710634223198
3.9428225672522044	-0.5169159029932693
2.7690204742120605	-0.5138661090492382
0.2469097044863265	0.27073333943623995
0.33485792028002176	0.6392289073774932
5.228133466481336	-0.5813925996756005
4.513353329687629	-0.6119807023838972
4.630500217712873	0.8509009282653203
0.5496739634054896	0.39329466786559525
0.8760136576671889	-0.7393066286083256
0.5662141055660074	-0.42593164434549985
0.45228455512974153	-0.7727693958606657
3.2089737941526195	0.6152279672187817
2.7879380228711463	0.22026154179138735
4.7813179410924835	-1.1960420697489464
0.41139194325135825	-1.0072317207590107
0.5487685768984225	1.3188019155142496
5.605375906478364	0.06264190045792216
3.9206300665326888	0.058718521593318786
4.258362347489146	-0.8550312341639904
5.121888519573577	1.5008068068158904
2.8458780686844825	-0.942095613711075
6.091617098592743	0.5512476323393265
0.6256250656880975	-0.7815724074066321
3.3716679780162058	-0.5716545649000315
1.4483887858260105	0.5404343306201735
5.923166429223753	0.10653469925941483
3.1525461002917474	0.4645751459037813
2.888991171876722	0.4623683093310013
2.150304148560975	-0.8221066328956522
5.07328313262414	0.3488508495610542
1.5001435068856763	0.372730403161143
6.198442562484207	-0.6453261611036311
4.019501629315809	0.9046293998206031
3.388209414088791	-0.4711447179086144
0.03796524486664007	1.0006523997719443
0.11469861673067318	1.0666707125043415
4.725755981212597	0.8740179018506405
4.200285272998139	0.5197253693376718
0.31875294363961243	-1.017073123462256
2.795170239197396	-0.17658194319045947
5.402253092043924	-0.3750842530236716
5.105597646394209	0.7122907633631468
0.33718393145096565	-0.3878949446567416
1.2198762719434495	0.21911354350781062
1.3549122368687179	0.7646261314774131
5.061396119673261	-0.5484737976854399
4.282679736553728	0.9352616859410736
4.374378132853238	-1.3478895810273508
0.47605562409885005	-0.634513979625368
6.108132562227838	-0.2396750768686623
4.920666206617568	0.525967889955411
0.01647337200485744	-0.15336090784287526
2.4849216096103235	0.6069064315522199
0.06937863114263909	-0.019270342309146166
4.349876372295043	0.7641809422051227
4.058794463456533	0.3186616820202151
1.456599015147911	0.42070950415842123
5.424109531239528	-0.94217801548218
5.612247391734443	-0.24809895289698336
1.534119181195056	0.44720063050306735
3.559686991459225	0.34550778620342
4.697201318185066	-0.7350671023603055
0.5692912349136364	0.2910897054999694
3.876531460911916	-0.12322244772717952
2.5122708962934555	1.2153723633258777
1.5057974965440943	-0.0556096451770692
3.41631300124938	0.5176931709696003
3.1353453300410887	1.2649809360793378
2.160269609750848	-0.8393559180584588
3.7051477363710976	-0.6214515437746962
0.2100346886384202	-0.9739505696467401
2.01057568278041	-0.5378870844466523
2.877996442090804	0.5336015113563051
4.730013962919672	0.1253267384616549
4.577554712110439	0.08644907892832476
0.5686259181256194	0.9817822012958209
5.9566572830265	0.6969560747588442
3.3068294489078496	0.517044319502193
3.8240933155002375	-1.1788618055140563
4.0890613679865755	0.3780026089168301
3.983471736523851	-0.36095627536124375
1.4566166642239502	0.10102678308236998
5.698246982227086	0.37999875188651666
5.366572703618528	0.204421719571265
1.6043859593856178	0.2671762425824782
5.631520357686415	-0.358091925458817
2.2306461063852847	0.4725124911754283
3.7798220953651582	0.12760635683117783
5.714985604268831	0.030517445168169517
0.018365835898832887	-0.23956742885477686
4.628452758712085	-0.3892804394146891
1.253077775554879	0.8195503707271182
4.460499716925586	-1.0607371748291738
1.5255572104191684	-0.5606513087033453
5.350359836842598	-0.461915983204413
0.5840643245027748	0.4279166558323319
3.849588751400398	-0.05781876784854201
2.852683593227792	0.12928357074866018
5.633532382213867	0.3432925586794628
6.187806979542567	-0.7640026525204419
6.1109240254314665	-0.8318230494597504
1.981833401357053	0.6741519415749846
4.228980948438075	-0.2955794505491629
2.4292234104280683	-1.0701287392787036
1.2532877779315772	-0.29417815542280984
4.150539628370062	-0.4109725851690355
1.1915011685231787	-0.16634979484680687
1.2211829995104087	-0.587517926882178
1.5965637389322858	1.287645261292204
5.507415488067651	-1.0070975397222224
4.302411810545418	1.0360380537125686
2.77245866525476	0.20547687163268305
4.375501286438826	0.6786448923082679
2.9032753611582085	0.6338378527585531
3.091479091677885	0.40959761475707196
0.5662532748559493	-0.3817932757978458
4.093737326463453	-0.2435847568999244
4.628831556775401	-0.20643665809349318
4.637545725524996	-0.007319213357406621
1.1004513252980292	0.2925886313248283
0.38439300023733003	0.5377334575510087
1.412298994905125	0.9323239397137537
4.5855996777552095	-0.9487404777074188
1.2412026108275453	-0.9523947333804686
0.8022072301923159	-0.9515500416218072
1.0903241411138798	-0.22886989553794107
0.39372682067917053	0.3049033842868737
0.5470244990505664	0.10036258155715115
5.450463832906869	-0.5531555431589905
2.376219528958779	0.052832923418884084
5.830403100094199	0.6855441961452108
5.836346750806862	-0.6611091813381449
1.7628814114082927	-0.6104634065637095
5.3108540388817005	0.42540129392670906
5.866898179457503	-0.9949722487421694
0.32059363358660736	0.11230494118378227
2.033132650493576	-0.3424778451929242
2.402328835299082	-0.3160455883862609
5.099310087874464	0.03854477810100227
0.6919105196462306	0.7469809520566258
1.2490094753179906	0.4513277090112553
2.6322539636514293	-0.3331975688672774
3.6804393398211284	-0.9556701401693741
4.987864170070276	0.10566652912270619
5.478366643291113	-0.40168038122428285
2.5259508817507017	0.2808841444194624
0.24135224227037838	0.8482729624982281
5.782639610528309	1.2792639317567793
2.5647954633295815	0.014994449957323698
5.728501957901031	0.7112583018597385
0.278941192832807	-0.6317782811110434
2.7073586656755237	-0.8961072196738601
1.2619707941406448	0.8220348357807359
1.5283752229232694	-1.1784956002528957
6.18438566788595	-0.48030517495722697
5.812700223942674	0.7864045207438541
1.3927005267441903	1.0644579920321844
2.8629570852687847	0.38074849980777037
2.7067341316068307	-0.047992929143099675
2.768136523617208	-0.5925619491986215
0.003151686966745747	0.6357396512269491
4.319171278690751	0.739924789097399
3.938672053456339	-0.06642888892705655
2.3922761401020614	0.8645640895746995
2.6995528415109677	0.18625966610382003
4.9684580275251875	0.3799465632100763
0.3594600932961865	0.778867800589269
2.9002498825419676	-0.0963641539354939
1.0529241048188565	-0.3482799474322863
2.7743712496479276	0.011371338619851856
4.127300303234469	0.5531031309773937
5.10825570836799	-0.07698377767106113
0.42948408685295014	-0.13714793687138158
6.028202559433029	-0.7732754256929268
2.635732998466892	1.2252535203930104
1.572943810979597	-0.13529978560458475
5.651844876773636	0.6358459694663463
4.631617128064887	1.271058487223431
3.183618873163602	0.9954051796861338
0.16554012636560073	-0.6195581969188763
4.951739108045515	-1.245179984867063
4.918050974051765	0.0010524506565886412
5.706785795282555	-0.3186203705490653
2.630267591809317	0.03610721787509118
0.21749453146867015	0.6407819097807438
3.5980330611690627	0.9244650890088251
0.2112704355491679	-0.5978991634929278
4.780776791403697	0.4632988734574281
3.699658430313211	-0.7140724992692172
4.65775773029589	0.030381662711107236
2.6871477399443577	-0.5093328967810685
1.5589259749593192	-0.7768706802370507
4.786996341712987	-0.09630190545146186
1.748260321667048	-0.6524474139437614
3.0169067390621427	-0.6160608369310757
2.78499583186246	-0.21488997752915437
3.6123052851808852	0.45921280655137575
5.752230912655942	-0.6832385481109914
3.500902426068285	1.1828632589765666
4.418990525142191	-0.46025616777748374
4.62743326787931	-0.6607627901874618
1.6006982565317738	-0.06711257525564489
3.628448457919133	-0.5826551253471034
4.805688445793217	1.174133953371949
3.8008636124259185	0.3758545936846132
4.388427114619252	0.8195252107123369
4.243628395726715	1.11056889176399
2.225497577042056	-0.9598816864257975
2.743722902514955	-0.5605075471529339
2.023912570505801	-1.4215428553561154
2.069383503883137	-0.34560506569733185
2.8733021125223055	-0.9843132209797808
1.63562674927605	0.7195978891977274
6.054317617186294	-1.3307228660295407
1.748260112772979	-0.5997537778592069
5.091381646190355	-0.6714734190049144
4.698302330435166	0.17576323195850535
4.552048239803046	-0.1137381210827587
3.7192983113276994	0.8635337916874446
3.6761467147779836	0.5409144673079935
2.3217027598894626	0.023261445070110322
2.2375293140804597	-0.4653721037769033
3.7357712660597104	-0.9529992266250685
3.724398811596786	-0.828830141998971
5.859859761877065	-0.6612206903076482
4.26870554227168	0.9711950043412122
1.759944103307768	1.0302375635906682
1.6445072776073348	-0.4199587807538193
6.068256616497339	-0.4292886486218421
4.949051847189196	-0.5095086207312002
3.850155551152956	-0.3415336763471984
5.941675265751018	0.9567391736080701
4.746950695687221	-0.7066697275424156
5.299460192724955	-0.2266948684967605
2.3850363164645474	1.3021864243497983
3.5308250935299594	-0.25941048674664163
2.545343777568458	0.8361354250073331
4.225365159154829	-0.6610458010522807
2.868534403708692	-0.8794400920676031
1.8017667899463947	-0.3668829239635721
4.5755722401554335	-0.5545915941668051
3.067982222884899	0.6936981143478624
5.192136663154449	-0.6321762043715001
1.9625046378521116	-0.4912930338013594
1.532970950242429	-0.16530750191059296
1.3848585859363463	0.20359127519439277
3.4563362598119145	0.56941461441588
2.10997238616449	1.5184309881308298
1.5676664839365313	-0.15654212522757485
4.565949338324876	-0.21633848220513993
6.135474990713292	-0.18784353365869869
2.5473301281073772	-0.19553894201408947
0.4390743274282931	0.5619997468467244
4.763940183411539	0.35703140913773235
2.625719190587859	0.051828877499620396
1.3009380672688227	0.6025402953122334
3.153945810070444	0.960959635613178
4.761027536733101	0.7474049544598758
2.90022577541701	1.13153220864813
2.7598319309537365	-0.586249493936295
5.547908495180052	-0.6561364939147627
1.95623789241558	0.264683922522945
3.2173372137270486	-0.6634619802106829
1.4489917081365413	0.5580203332176017
2.0722213235455866	0.4244212874020158
4.60246398695176	-1.485883786366694
2.0284514477204563	-1.0347870015236085
1.5444728091257718	-0.9847409473402036
6.1150215231773775	1.194467009021146
1.8146624247845662	-0.08981711401349439
4.166632242930493	0.23496989610641064
3.8306829534465066	1.1022978722006929
0.45699481407584314	-0.6852380121199183
0.6520284209243733	0.7271008544213109
3.0821176189177804	-0.2927217739583579
4.695011804449651	-1.285328806165182
4.6496201103640304	-0.748858918295766
0.7345515340601442	0.8578145263354031
3.1494199550507496	0.7454911304777017
5.823846580590847	1.11001108072178
1.7742750338683912	-1.3963981576776534
3.524771925964765	-0.12287683463071374
2.027577555826737	0.15647992125612056
1.1332147754971558	-0.18650440992292164
5.108934674698153	-0.3744892098238919
0.602376678765181	0.23557623844270248
1.2844850672163732	0.029069882384553585
2.2252886222867105	0.7596498610440072
4.758761378636499	-0.36495036627062954
5.985273203385302	0.15028877928750875
1.134162923044044	-1.0715626034667052
1.2788816622986217	0.35535569212526835
1.1460542481175224	-0.05174689315260859
4.833501643461533	-0.1713744276774253
2.0236007464715957	-0.6400131961924538
3.8262837700535606	-0.6749816173667302
3.531228396301357	0.25299552623860055
2.786648207488458	-0.18497957644217985
4.953978319174271	-0.45062198608166837
3.8971306988052117	-0.6705742788444661
3.675323943554001	0.8062257587985524
1.89928533763438	0.9586343610472126
0.331029622982129	0.09235485631490996
5.064197472703816	0.2489996685816929
6.167067821804025	0.5745432237518484
5.08320529015255	0.8867049790538529
1.2282817915449202	-0.7768007483726661
4.012956235841988	-0.9477217222594063
3.9275418251727814	0.12348614757865985
5.396890213617949	-0.5228612329064631
1.6098847080707122	0.25280269819294565
0.48594807502389503	0.13425401290270408
4.001238377545856	-0.09668122766632088
3.4993195048443297	0.1546450026449289
1.0306035223615182	-1.1699212843413698
2.3690855557470383	1.277174103068749
1.9449171286444928	0.23160592216291265
5.183481847012021	-0.5582378488470345
4.421525773550437	-0.22669601929403646
5.642828731358139	-1.2489615803327867
3.4215626866398754	-0.3845021308951935
5.44557555198175	-0.1612557340794801
3.695467755849494	0.2495986002376446
5.7441271056265215	-0.744573479073267
5.462049089179312	0.029223585933186184
1.7554106247562797	-0.9046038823786942
2.7141129605069905	-1.245285439498867
5.891827539411927	-0.1953133542154299
0.3451128704256516	0.0077350527479275125
3.4495262844325856	-1.087575681867061
3.7929420683746047	-0.1034803198788165
3.200558919575861	-1.2269515087468208
3.549181928038501	1.1271004416413026
3.909544220910348	0.2698735119839472
5.2792007165950015	0.08466668976863674
1.6420088531033115	0.025539313907430698
3.8395249271568046	-0.04148790295875965
4.493175501758563	-0.624248307667515
3.431833761761424	-1.454005731851655
4.840031286654609	0.5356264763623995
1.6553545441954516	-0.36650063743847533
4.454555288787797	0.14314190926376233
1.3870701128125693	-0.9461409614716898
1.5391809309832183	-0.6235938842945072
2.733633649071747	0.5526844042907122
2.5660346593404637	-0.8291404644544179
4.359777489973411	0.4981845668629069
5.201777086857469	-0.015103771485228734
5.855881885912332	-1.0580243041675899
0.8052372029502428	-0.9604875479807061
2.9825722584616345	-0.09484679256871047
3.253251530262465	0.02932412689650135
4.131179039103669	-0.3798838266958169
3.84355707031034	1.0099323808633174
0.08002471273240544	0.749592736315425
5.416172750150675	0.6428094716714013
4.357800652867593	1.0952806263810064
5.766061399585455	0.39071907251877547
1.4315372907193398	0.27632357234500676
3.458023532426958	-0.19078611411192564
2.0838739982593104	0.4544457464618288
2.0998305829831585	1.515853714565552
1.4829182076754575	-0.7923179573517174
4.2619459326932745	-0.2496874893630558
0.7164034616026577	-0.7943144592186537
1.8011267155884485	0.9766775854322266
3.390006644464598	-0.07134871011351576
5.392206110961629	0.16965064063290353
0.24998322280079946	0.09298568710672352
2.821927565487264	-0.9417606897950092
3.597287385594533	0.13768527196352573
0.0532996697818806	-0.879141785542698
3.476392702443029	-0.3589189732493678
5.984623551585892	-0.9043354720059168
0.9781483602288468	0.7629461238555969
3.5151613892405793	0.4948684459047162
2.384615703960235	-0.6006945397421651
1.002556866115407	0.41023558871456245
2.6881497139321944	0.4899054139218287
2.9692095317958054	0.39814168434931313
3.155690112859461	-0.36808385416251493
3.3526886281546253	-0.07407121119421008
0.1486755260366526	-0.3577472949335644
5.558685531463858	0.5492290197595984
3.515123042813266	-0.24300752827430047
0.25248403827673777	0.3501559709730815
4.485922335150427	-0.9030906032997882
2.084243140558045	-0.03514074829616117
3.443648427511734	0.567658161903484
0.789149651337286	-0.3535598409737828
3.915330671645798	0.07671217145909674
4.789622494431099	0.893081320438526
1.9059129876958925	-1.306005998390348
4.156447025256041	0.8266569409623439
3.755807826364146	1.2582556559101012
4.473906061905524	0.7613387797003187
3.339740560298595	0.3879543021997906
5.473230312671018	0.32136597320547755
1.4450056435079386	-0.20844087386221596
0.796981059478783	-0.6165652231815845
5.10761910380259	-0.45015534952688474
5.416019566650621	-0.8342406160261409
0.6285897371449475	-0.6176409100045754
2.4595309743796063	-0.5558122622967667
2.045843142670111	0.21354312436646888
6.069951826023137	-1.3316587668503084
0.23377562029314847	-0.7482045762920129
3.39111677181226	1.098690345682065
5.040628792121868	-0.015685830953829596
2.326650552914464	0.9309864196987224
4.6879334518858276	-0.38838520997186615
3.2379453358394947	0.9285086369579926
0.17884858478604218	0.9843242707381171
6.157783117772749	0.8225378616309376
4.412954961389149	0.7244309320428693
4.748747824407745	0.6109563926274807
5.8041539308875745	-0.03846522480498666
1.8401344119235226	-0.2786502248218716
4.181802671071985	1.119417903203129
3.022982905858066	0.45480569981969965
5.386065622471494	-0.9757728123561257
1.2419100031567003	-1.0326821894277602
4.099705395627496	-0.25344954607855513
5.72513430775814	-0.45089813264264234
3.819489930584676	0.49543854384807723
4.136094215553204	1.0087642619446777
2.534637117312815	0.4574477691183809
4.696482295738628	-0.1559565272051277
0.9363891020419545	0.2299642136924784
5.094981045384596	-0.5349472143403955
1.2610302928971324	-0.8041691821868234
5.5345955759907515	1.5162219877848964
5.328809519635474	-0.6366371727814307
2.4093794337560355	-0.12861054539681435
3.7326171322755406	0.3317065203919684
4.713310656592039	-0.6683424640485807
1.491131292264929	-0.882103254338007
3.274099050451288	-0.8047557428221676
0.007730508499396172	0.3489636208006533
4.560419419728468	0.9407678687415338
4.340391853078008	-0.5375981059233372
1.0790292462992546	0.908430143502776
4.999010016562775	0.7453828898091208
5.517015783261595	-0.6960233765580507
5.3986294583918255	-0.33178847748898366
3.6879208161559536	0.6237940014946926
3.4467725836730705	-0.011642670207509396
1.8307761726836198	-0.5468408725468461
0.34986447807889615	0.0038420039056851476
2.507036051644076	-0.30001084142987644
5.14768358259644	0.4857793253518637
0.8821986976780345	0.10783274085084495
2.4902362682065946	-0.08436685132299591
5.1949236101740315	0.7327743483779458
1.3875350695134188	-1.0989127064968907
3.550311332919216	0.5895181898449987
6.139786502764867	1.530812983084411
4.382134577389504	0.2722973642576522
5.827750306655347	0.6495681948847213
5.141739843446248	-1.0551523296493701
2.327821066554606	-0.07161664034082973
5.409926498538116	0.5511089741815549
1.645636567704762	-0.05086473526530093
1.9339053451177195	-0.32319167965560547
1.2957493302791012	0.09991510544133038
0.538170234742595	1.2704347040086503
6.27070024095531	-0.08181089230881884
0.7500812417398331	-0.20692439488632733
1.2884103288943132	0.3635169267838056
6.026305280600993	-0.6053690165097488
6.2561321385531965	0.38492104255531073
3.7549166052988974	0.005259952464577173
3.667198854694276	-1.0063159966119568
3.66116908283339	-0.17150323875146492
1.3145599697662926	0.4876014732904125
2.6444356230775714	-0.8074987322376435
4.3594265308274185	0.08906629773656144
1.4861576802064804	1.0321275820120612
2.3520142573498486	-1.1746538676123048
0.2890143861195053	-0.9824247157402674
4.845810871564164	-0.3052661638062932
3.0905392228284647	-0.362331104308427
3.807929091181625	-1.2383753977799672
0.2047547082390273	0.4990840002426428
0.338183913249356	-0.5902256172336469
0.674064168280162	0.5765160447822396
3.513827019176811	-1.2932912209353888
0.6381321012906823	-1.3640897316543263
2.2833755718165683	-0.7297900513331352
0.7542032316720428	0.22818890276943407
2.9318432283190052	0.6403326139230384
4.09159748258468	0.7057941451901001
0.44330156133423143	0.8389049274465039
0.06600044791237117	0.019180558268809246
3.206981890486693	0.10889047820001654
6.220305006070385	-0.9162326159599821
2.016114626547693	-0.5489001411317886
1.6009445715029584	0.9397932013173149
6.179596347391752	0.6982748972773403
0.022741266722215225	0.5307542272893433
0.04157026010734715	0.3054721232167845
0.14403960890467474	0.4547452014092952
4.754464250488112	-0.8133852002329877
1.278903687715837	0.2617111165947484
4.6018609399422274	-0.866510529882504
5.651647318816794	-0.2738078090837352
0.34779333184646816	0.11562717756569549
0.858638078671634	-0.3308485520470337
5.702641894609745	0.25325395519861615
5.148461929257122	1.2058262397878647
3.0765508640328516	1.3792621658233593
5.349828383357243	-0.24792382846719016
1.360921826570447	0.9180010502230137
4.018492105738231	1.1653567292571658
5.722347785715896	0.14512859238448275
3.1107034534860856	-1.4076752680531819
6.053510410452991	-0.18885823465533536
6.283171425881362	0.5324521149975854
4.923700704577968	-1.3182617090395639
2.952207562519527	0.1859719678175511
0.2985484838515797	-0.41545288542075065
3.4556079465890823	0.48222666266305253
3.129832191850596	-0.39669078404649805
1.223090750036324	1.3784984689248105
3.7631266144432467	-0.5568188178041142
2.1537628650269482	-1.0564933555995788
2.2198273249212983	-0.7429585094215355
2.804529366706098	0.441044441624615
1.4977884779566604	-0.13953088696316177
0.041708903235205916	0.18920559062542788
3.7687360352969943	-0.5160179996407904
0.8091341793883207	-0.20597973914386403
3.4492474274888356	0.5093123016266949
2.92370497461425	-0.9723448480311515
1.206257545580117	0.08250240939108323
5.198362747862873	0.6462698092739935
5.6306168939213626	0.9907043896720554
3.0979690507264475	-1.1041719581764744
3.920836067328504	0.10496336535235587
3.1652395734227663	-0.43715071759576474
3.8419858061832355	0.21162777613715572
0.725354780702499	0.21480965784879422
5.076337347638686	-0.523042606209743
4.692676890621047	-0.3035293117473595
0.7932302530813187	1.1538055146469244
1.9677792806504144	0.5893814989663204
2.2831200005020142	0.3022008772781161
0.5092656948864428	-0.9734760259492441
5.291637302840812	0.8052216895371117
0.9606529012390752	-1.1661225958697752
0.5191558043494273	0.025296132620074862
6.234938639270571	0.9044126653560701
2.227536978425398	-0.5716928073282409
1.7635262436033539	-0.33481280531960195
3.3929576092990064	-0.06021129384099503
3.6131777973516703	0.917120858007911
2.7017084250515033	-0.7396627705429827
5.922707048017333	-0.29765410554962984
6.1146315385395145	-1.1324215669968518
0.44416741619920463	0.6504896219288441
5.222521867234329	0.2630468826781904
2.4523892931911333	0.2786609728097673
2.92181955867427	0.25516283357879505
1.2533588462364933	-0.33372151818908374
2.917593783128113	-0.6804460488456231
0.8317011809021557	-1.1520930877816014
1.086959220681053	-0.3053934435292328
2.2743300751612625	-0.6820280391308947
2.4062692638698056	0.16563314520120667
4.155896939080831	0.882937861764034
3.6269630286463395	-0.6492231531198468
1.5420698800795902	0.6811610611834892
2.6688890751345284	-0.5187272414186272
3.7971705248597902	0.091349922836487
2.1881890741062318	1.0177729910090592
5.614050894051567	0.3950198832877247
3.5834909924979823	0.7734764920950405
0.6141730380100685	-0.7818905846111466
0.29220345749463916	-0.27827797168135604
3.4398749688012256	0.657322039022065
4.412513883896035	1.011605203059625
2.6334993276449783	0.4808993292415023
6.023774403558707	0.39657893685386597
0.4392038291871496	-0.8585222058654431
4.463846420849282	0.1254275120427759
4.527809579153375	0.533123462229588
3.652487400133058	-1.135036611231157
4.311311746267035	-0.7551940580463931
1.6493191816532822	-1.2037919593283628
0.9493130935189457	0.3284365545177314
2.1851060248873098	-0.2486346120834014
0.7131180626129945	0.22958300820107705
3.946022808384943	0.5358071818157208
5.808103256023541	-0.8152057989241317
2.9952515538816025	-0.5568182276892442
4.9896711930100945	-0.5869744253808208
1.3384077497562956	1.0007669362624037
3.865808885951989	-0.29601043114613745
1.9858345584282375	-0.34277608233312296
3.8104225725338234	-0.9902396725964047
3.008147083595397	0.16667060992706512
2.3938246519227464	-0.16182684488469043
5.142966854010448	1.1247481744510939
4.352306957895437	0.41112784783835227
5.639007487163408	0.7532552697831445
5.014746719439533	-0.3295646877320732
2.553473041590395	-0.6621899708659439
0.3548778471727115	-0.712347940923371
2.801966679540119	-0.821035342085016
0.8389418534899367	0.28238288961392416
0.25570147967400847	-0.14752899172544934
0.10136633371501663	-0.2996416742295092
6.214740493746967	0.6987508681322734
4.983705729822112	-0.9442710091047212
2.6829935971144314	0.10617875871516369
2.400456933305822	0.6645826902252013
2.2741031154275198	-1.3889345926163355
2.7801772510640594	0.20696254225851418
6.183803650734362	-0.6204321048944159
1.2691195999332496	-0.5122691535877738
4.103547960701957	0.36688438236455256
1.5313199428961235	-0.6289176192964347
5.485624373507248	0.8912483247962956
4.94347547009	0.26718019640661894
0.24002542044725964	-0.3042119372201607
4.5278812245956415	0.2575646522146328
1.3068753066349426	1.495543979480779
0.8467342379518406	0.5569644646552265
6.131898788154082	1.2916752385312393
4.305692028554488	0.09076850812066502
1.500504050198064	0.32425958157440327
5.0619512173046	-1.3084419652894552
0.88711002434546	-0.530378103272247
3.5613665907085883	-1.0486943974567597
1.7392364182438806	-0.5091897101151691
0.042473964631952556	1.045478600282348
0.9749841168511576	0.7920572619500639
0.6917487310653493	-0.31527308878723637
2.7140819241447454	-0.2944398431958469
1.7889721925926536	-0.04413954333831805
3.81713194820411	-0.8853996222830848
2.615386241378889	-0.4158518212593258
1.538207485986457	1.1679788370718485
1.223400229931225	-0.6991672716741577
2.036090629095841	1.1525382599363019
5.996398048581202	-0.8166378715790995
3.82580581693155	-0.9574084757814983
2.432631602610002	-0.877895998180367
2.9435564197793616	0.4470411691784962
2.720611312748787	-0.6357074634843088
5.673943003532586	0.6419953579144199
4.049750580129603	0.1802969742882776
0.7962300916481692	-0.4943128962854741
3.136677464447098	0.5823220983385504
1.5043694609180565	-0.6669093423949322
2.067089175200758	0.5882423358957868
5.627434714277435	0.8404877644430033
1.0642937619937998	-1.4194941989009708
3.8515128767600926	1.468227399784705
5.689289821107883	-0.291738014673287
2.267665921038589	0.3795972946408362
0.33716837945979644	0.24160623492972746
2.2625582355614164	0.21495370195087193
6.097291012365487	0.7101792989295256
3.218580254117367	-0.5787258238623308
3.303060218213858	-0.8452543890238904
4.089767215371375	0.9666969153283802
0.19830037813445875	-0.4474507309655091
0.4093758409072077	0.04962070614052555
3.83094785311655	0.09086376916578012
1.7919756556408333	-1.2193034541419978
2.6596208271704986	0.33056736429577993
2.932212329561875	-1.0886460354269447
5.543079562514262	1.1249283605180018
0.869217332702539	0.3175452246706713
4.177285145240357	0.17362521093594047
3.5655953046843067	-1.2598723951750506
3.014306935743508	-0.5675929513875018
0.4272495041774202	0.8498200759423634
4.965689631799754	0.12207410504097016
2.29340803546399	-1.2007611751453922
6.174857475901005	-0.054559607154105814
5.126500170289293	0.9477689403258719
1.1046912640268882	0.251362389701208
2.551731301852425	0.18237286717090567
5.671081337434963	1.1056408922337826
2.4804710244312487	-0.0919877754654959
0.7337587439470696	-0.8371156024105068
2.0679187883638557	-0.22298234887973778
4.9544917542354945	-0.8672851063057927
2.1625282451122434	1.2017267083021503
5.467060917646783	-0.3131095404522749
1.8619926098706077	-0.4261351600361919
5.596101362254477	0.46678196428066454
3.9510561678618488	0.07126284305687432
2.8717979322412006	0.2499974020958106
6.283125072643635	-0.13661699123383414
1.323418381039888	-0.5648808269496022
5.049202858472996	0.7217830642987301
1.2627028597466647	-0.02820996918411218
4.208666088068156	-0.5547073626405385
5.4087748733687535	0.9563632090716784
3.7498984766695527	1.2367510721664674
1.7244850614716372	0.53219704491247
3.6448921273484354	1.2235528009175884
3.1720722787600897	1.217974082375306
0.005277455088910595	-0.4506812076455253
2.4948564248425456	-0.7736339862103635
5.3595348321046705	-0.759209003942249
3.0410521275441122	-0.896441990537265
5.334360701627166	-0.8491340941524291
2.1483592227706665	-0.7445566494018003
4.652963676112362	-1.148020340228758
2.547304495668572	-0.7489366245950134
3.37239067490167	-0.4052887271462055
2.8170883262069406	1.4406547805095882
3.6712778707148894	-1.0916772385099254
6.0305168053438205	0.29961043495884043
2.5907556577047623	0.6874079924844347
1.4202690085014202	0.45859709191776604
2.4615150700444435	-0.3850721843108079
3.3669346246724055	-0.3245549740208581
4.015793177836994	0.4587516101001725
5.990594642282096	-0.7287908260972251
2.469588978249962	-0.35639334596579814
0.5439715079821763	-1.3615980591600687
4.672836795521475	0.8230065880072558
0.07749202711072291	0.31447273159469263
6.023436271868946	0.8075981783182715
5.488214346125892	0.6558898751440986
1.1289339215228729	1.1841141365269645
1.4812883220775184	0.6863125191631209
5.66928354043902	-1.023384618308674
4.68131357726346	-0.38568802282412795
4.518855846194801	0.2673327205138129
4.596713647565751	-0.11592250904691223
5.7433391459904986	-0.05261407513675507
1.981094404476831	0.5833612334137472
3.7512483634349416	1.0618154240043896
0.331259361765607	-0.5878680971469733
4.789511129918796	-0.17017455414936394
0.9612997462552707	-0.23972867859242175
2.2613825381001265	-0.6194269849623288
2.053262030245827	-0.019351523676586487
2.7468340770385256	-1.1422055682299868
6.1762758218726805	0.35996371303943836
5.006291615369825	-0.6586086294297864
0.022645790363648468	-0.7990461799892757
4.853976197143605	-0.30605358362919105
0.4193477392489637	0.9826842184340332
2.0855814695428347	0.0629083217045403
3.4165175389514295	0.027329459069137682
3.139495497229795	0.5590369965473345
3.6805039237507824	0.31014770755883764
6.182077070601932	0.9104402716762136
1.1722143498752688	-0.009679725137342124
5.57357086160395	0.33331226160257066
4.144014757636026	-0.09981748721822378
5.479579780402063	-0.9199676236124533
1.0187648308233062	0.33462523028455227
5.36185130930841	-0.41390879984319345
0.268693835207588	-0.5300300290279873
0.8626230535168115	-0.058110816273261284
2.147539115568147	0.9550468513322141
4.164063340436548	-0.6846434395335925
4.257062317020511	0.7393145359142771
3.3811223224516973	0.04975281093946255
1.7955240813054247	0.5494882578522848
3.5902784081747448	-0.6869188329281601
1.5115179179712528	0.12436760715062478
0.048569005461203116	0.3691121412618261
4.217602375436896	0.7319538991621283
3.4424802910260714	0.04049427305080547
1.3994768718076707	0.539747243279143
4.960087775138982	-0.3005739406430793
2.4546397830954607	1.118078581879958
3.70175674611304	-0.7055418227184748
0.22795596319250902	-0.015286457524446158
2.991147564044964	0.8979154389350046
3.5380491469616904	-0.9672497502506608
5.17046628204184	0.5422471016822514
3.363805416120391	0.5066491041392865
2.448458045286944	-0.44433357546703417
4.768002704479428	0.37138966504154575
4.650902556507538	1.0469561154828182
3.748978210879449	0.6762143673512727
2.239285554096308	0.7477766892684298
1.4029042936505407	-0.027406368908461144
3.3321420216986666	0.3908747079378516
6.10805072499109	0.05489257333043614
3.865568456219794	-0.5445370823604636
5.87981490672244	-0.5683660403599966
1.1754647137099647	0.3182178360268513
5.352778433518121	0.9558801129969172
0.5858925208590491	1.1777852332566834
1.7582506388982582	-0.1720947945348999
5.629590517459414	0.575035239270213
2.0273553939739375	0.5920619791939856
5.736313975420039	-0.7133443188141327
4.853212837301339	0.46243270460871594
3.4160413673080003	-0.22553893668474134
2.3418120058761107	-0.3151421316001142
4.193932154035472	-0.4204243620619112
3.8767888931865566	-0.5242039810866148
1.5309698582952431	-0.3340378442000004
0.7535401284212571	-0.002371446548770673
1.271233487330363	1.1869515456135016
0.21980693546951507	-0.8106183779363771
4.2435092415734035	0.5310770975988262
4.603794365617352	-0.7873981765507603
0.33930567588986665	0.5225371295120433
2.0672856433415436	0.05645905801320632
4.40169784709742	0.20109932812397477
0.19170005186631994	0.23009246546314152
1.129004143004958	-1.1518431475309179
2.913873346039821	-0.47340476671211
5.185527832488866	0.022473391424352576
2.226690553191773	-0.39146754248229176
0.4151004188126828	-1.1542803176716039
2.3685470854085438	0.939116936492957
3.190686793082747	0.49221207326200733
5.0173703010347195	0.5266454938206497
2.2023314591662584	0.9534059310427558
3.7345105449220677	-0.5130946143222198
5.107161913233945	-1.1866124157407045
1.2499861250308564	-0.011195618310996339
3.263488689507607	0.5906779344800334
5.76457595678467	0.8941478564657902
5.39783379881398	0.3502272164786246
0.09429293291514262	-0.2163769236637689
1.0681291023217434	1.2659499813143924
4.173549719331384	-0.08446228634907078
1.23663939349313	-0.8763242986623582
0.008043457534290449	0.973892985090187
0.9355756596021914	0.1893982183735776
3.624314325085598	1.1792565900748304
5.870084079482628	0.3150402901253411
1.6684959740910719	-0.47986428804432973
2.8809118327899053	0.6726553723001062
2.176183299957616	0.22683981860045282
0.06444283079610666	0.5107682623866803
4.350889300504485	0.43973932182895054
1.5992534284507878	0.05027395314241586
5.202471087003651	0.3178250821182411
2.1687634259082307	-1.1091192646366492
1.2557264012092462	-0.9626699744107469
0.24985598313180843	0.047732041400810554
5.124190390723788	-0.1560830052207753
1.8315415893066054	0.4624285822185039
0.38749672538768754	-0.4896179880641962
1.8200497987506636	-0.19421454687100356
5.145971454767444	-0.8564103205227396
2.263147684616488	-0.5575843415081276
2.837244268611368	1.2041002327742945
2.300411669944941	-0.8562619392078182
0.9580363039865505	-0.9550881030730801
2.5148981929821614	-0.7951111322660617
3.2285992974321713	0.1393116705204057
2.714054742612401	-0.3704145266483778
2.28029359872313	-0.10536405027508738
1.9325343580438568	0.9119928794296712
3.1511473240556787	-0.13907073791507177
1.3973241985738862	0.9855334089799258
2.056521119335756	-0.024989788003397018
1.6536487464529936	0.1288140844275984
4.108830125545688	-0.6144254714757585
2.0367963388022745	-0.056164166160759095
6.156823603370593	-0.3557076468203961
1.7790205576798768	1.0874173030106589
4.9342226219426335	0.6489356707986841
2.883853865790878	-0.845621778428121
4.473170483867311	1.4090141874096895
4.778090065135587	0.26399295016138635