1368970000
1368984400
1368998800
1369013200
1369027600
1369042000
1369056400
1369070800
1369085200
1369099600
1369114000
1369128400
1369142800
1369157200
1369171600
1369186000
1369200400
1369214800
1369229200
1369243600
1369258000
1369272400
1369286800
1369301200
1369315600
1369330000
1369344400
1369358800
1369373200
1369387600
1369402000
1369416400
1369430800
1369445200
1369459600
1369474000
1369488400
1369502800
1369517200
1369531600
1369546000
1369560400
1369574800
1369589200
1369603600
1369618000
1369632400
1369646800
1369661200
1369675600
1369690000
1369704400
1369718800
1369733200
1369747600
1369762000
1369776400
1369790800
1369805200
1369819600
1369834000
1369848400
1369862800
1369877200
