1368970000
1368984400
1368998800
1369013200
1369027600
1369042000
1369056400
1369070800
1369085200
1369099600
1369114000
1369128400
1369142800
1369157200
1369171600
1369186000
1369200400
1369214800
1369229200
1369243600
1369258000
1369272400
1369286800
1369301200
1369315600
1369330000
1369344400
1369358800
1369373200
1369387600
1369402000
1369416400
1369430800
1369445200
1369459600
1369474000
1369488400
1369502800
1369517200
1369531600
1369546000
1369560400
1369574800
1369589200
1369603600
1369618000
1369632400
1369646800
1369661200
1369675600
1369690000
1369704400
1369718800
1369733200
1369747600
1369762000
1369776400
1369790800
1369805200
1369819600
1369834000
1369848400
1369862800
1369877200
1369891600
1369906000
1369920400
1369934800
1369949200
1369963600
1369978000
1369992400
1370006800
1370021200
1370035600
1370050000
1370064400
1370078800
1370093200
1370107600
1370122000
1370136400
1370150800
1370165200
1370179600
1370194000
1370208400
1370222800
1370237200
1370251600
1370266000
1370280400
1370294800
1370309200
1370323600
1370338000
1370352400
1370366800
1370381200
1370395600
1370410000
1370424400
1370438800
1370453200
1370467600
1370482000
1370496400
1370510800
1370525200
1370539600
1370554000
1370568400
1370582800
1370597200
1370611600
1370626000
1370640400
1370654800
1370669200
1370683600
1370698000
1370712400
1370726800
1370741200
1370755600
1370770000
1370784400
1370798800
1370813200
1370827600
1370842000
1370856400
1370870800
1370885200
1370899600
1370914000
1370928400
1370942800
1370957200
1370971600
1370986000
1371000400
1371014800
1371029200
1371043600
1371058000
1371072400
1371086800
1371101200
1371115600
1371130000
1371144400
1371158800
1371173200
1371187600
1371202000
1371216400
1371230800
1371245200
1371259600
1371274000
1371288400
1371302800
1371317200
1371331600
1371346000
1371360400
1371374800
1371389200
1371403600
1371418000
1371432400
1371446800
1371461200
1371475600
1371490000
1371504400
1371518800
1371533200
1371547600
1371562000
1371576400
1371590800
1371605200
1371619600
1371634000
1371648400
1371662800
1371677200
1371691600
1371706000
1371720400
1371734800
1371749200
1371763600
1371778000
1371792400
1371806800
1371821200
1371835600
1371850000
1371864400
1371878800
1371893200
1371907600
1371922000
1371936400
1371950800
1371965200
1371979600
1371994000
1372008400
1372022800
1372037200
1372051600
1372066000
1372080400
1372094800
1372109200
1372123600
1372138000
1372152400
1372166800
1372181200
1372195600
1372210000
1372224400
1372238800
1372253200
1372267600
1372282000
1372296400
1372310800
1372325200
1372339600
1372354000
1372368400
1372382800
1372397200
1372411600
1372426000
1372440400
1372454800
1372469200
1372483600
1372498000
1372512400
1372526800
1372541200
1372555600
1372570000
1372584400
1372598800
1372613200
1372627600
1372642000
1372656400
1372670800
1372685200
1372699600
1372714000
1372728400
1372742800
1372757200
1372771600
1372786000
1372800400
1372814800
1372829200
1372843600
1372858000
1372872400
1372886800
1372901200
1372915600
1372930000
1372944400
1372958800
1372973200
1372987600
1373002000
1373016400
1373030800
1373045200
1373059600
1373074000
1373088400
1373102800
1373117200
1373131600
1373146000
1373160400
1373174800
1373189200
1373203600
1373218000
1373232400
1373246800
1373261200
1373275600
1373290000
1373304400
1373318800
1373333200
1373347600
1373362000
1373376400
1373390800
1373405200
1373419600
1373434000
1373448400
1373462800
1373477200
1373491600
1373506000
1373520400
1373534800
1373549200
1373563600
1373578000
1373592400
1373606800
1373621200
1373635600
1373650000
1373664400
1373678800
1373693200
1373707600
1373722000
1373736400
1373750800
1373765200
1373779600
1373794000
1373808400
1373822800
1373837200
1373851600
1373866000
1373880400
1373894800
1373909200
1373923600
1373938000
1373952400
1373966800
1373981200
1373995600
1374010000
1374024400
1374038800
1374053200
1374067600
1374082000
1374096400
1374110800
1374125200
1374139600
1374154000
1374168400
1374182800
1374197200
1374211600
1374226000
1374240400
1374254800
1374269200
1374283600
1374298000
1374312400
1374326800
1374341200
1374355600
1374370000
1374384400
1374398800
1374413200
1374427600
1374442000
1374456400
1374470800
1374485200
1374499600
1374514000
1374528400
1374542800
1374557200
1374571600
1374586000
1374600400
1374614800
1374629200
1374643600
1374658000
1374672400
1374686800
1374701200
1374715600
1374730000
1374744400
1374758800
1374773200
1374787600
1374802000
1374816400
1374830800
1374845200
1374859600
1374874000
1374888400
1374902800
1374917200
1374931600
1374946000
1374960400
1374974800
1374989200
1375003600
1375018000
1375032400
1375046800
1375061200
1375075600
1375090000
1375104400
1375118800
1375133200
1375147600
1375162000
1375176400
1375190800
1375205200
1375219600
1375234000
1375248400
1375262800
1375277200
1375291600
1375306000
1375320400
1375334800
1375349200
1375363600
1375378000
1375392400
1375406800
1375421200
1375435600
1375450000
1375464400
1375478800
1375493200
1375507600
1375522000
1375536400
1375550800
1375565200
1375579600
1375594000
1375608400
1375622800
1375637200
1375651600
1375666000
1375680400
1375694800
1375709200
1375723600
1375738000
1375752400
1375766800
1375781200
1375795600
1375810000
1375824400
1375838800
1375853200
1375867600
1375882000
1375896400
1375910800
1375925200
1375939600
1375954000
1375968400
1375982800
1375997200
1376011600
1376026000
1376040400
1376054800
1376069200
1376083600
1376098000
1376112400
1376126800
1376141200
1376155600
1376170000
1376184400
1376198800
1376213200
1376227600
1376242000
1376256400
1376270800
1376285200
1376299600
1376314000
1376328400
1376342800
1376357200
1376371600
1376386000
1376400400
1376414800
1376429200
1376443600
1376458000
1376472400
1376486800
1376501200
1376515600
1376530000
1376544400
1376558800
1376573200
1376587600
1376602000
1376616400
1376630800
1376645200
1376659600
1376674000
1376688400
1376702800
1376717200
1376731600
1376746000
1376760400
1376774800
1376789200
1376803600
1376818000
1376832400
1376846800
1376861200
1376875600
1376890000
1376904400
1376918800
1376933200
1376947600
1376962000
1376976400
1376990800
1377005200
1377019600
1377034000
1377048400
1377062800
1377077200
1377091600
1377106000
1377120400
1377134800
1377149200
1377163600
1377178000
1377192400
1377206800
1377221200
1377235600
1377250000
1377264400
1377278800
1377293200
1377307600
1377322000
1377336400
1377350800
1377365200
1377379600
1377394000
1377408400
1377422800
1377437200
1377451600
1377466000
1377480400
1377494800
1377509200
1377523600
1377538000
1377552400
1377566800
1377581200
1377595600
1377610000
1377624400
1377638800
1377653200
1377667600
1377682000
1377696400
1377710800
1377725200
1377739600
1377754000
1377768400
1377782800
1377797200
1377811600
1377826000
1377840400
1377854800
1377869200
1377883600
1377898000
1377912400
1377926800
1377941200
1377955600
1377970000
1377984400
1377998800
1378013200
1378027600
1378042000
1378056400
1378070800
1378085200
1378099600
1378114000
1378128400
1378142800
1378157200
1378171600
1378186000
1378200400
1378214800
1378229200
1378243600
1378258000
1378272400
1378286800
1378301200
1378315600
1378330000
1378344400
1378358800
1378373200
1378387600
1378402000
1378416400
1378430800
1378445200
1378459600
1378474000
1378488400
1378502800
1378517200
1378531600
1378546000
1378560400
1378574800
1378589200
1378603600
1378618000
1378632400
1378646800
1378661200
1378675600
1378690000
1378704400
1378718800
1378733200
1378747600
1378762000
1378776400
1378790800
1378805200
1378819600
1378834000
1378848400
1378862800
1378877200
1378891600
1378906000
1378920400
1378934800
1378949200
1378963600
1378978000
1378992400
1379006800
1379021200
1379035600
1379050000
1379064400
1379078800
1379093200
1379107600
1379122000
1379136400
1379150800
1379165200
1379179600
1379194000
1379208400
1379222800
1379237200
1379251600
1379266000
1379280400
1379294800
1379309200
1379323600
1379338000
1379352400
1379366800
1379381200
1379395600
1379410000
1379424400
1379438800
1379453200
1379467600
1379482000
1379496400
1379510800
1379525200
1379539600
1379554000
1379568400
1379582800
1379597200
1379611600
1379626000
1379640400
1379654800
1379669200
1379683600
1379698000
1379712400
1379726800
1379741200
1379755600
1379770000
1379784400
1379798800
1379813200
1379827600
1379842000
1379856400
1379870800
1379885200
1379899600
1379914000
1379928400
1379942800
1379957200
1379971600
1379986000
1380000400
1380014800
1380029200
1380043600
1380058000
1380072400
1380086800
1380101200
1380115600
1380130000
1380144400
1380158800
1380173200
1380187600
1380202000
1380216400
1380230800
1380245200
1380259600
1380274000
1380288400
1380302800
1380317200
1380331600
1380346000
1380360400
1380374800
1380389200
1380403600
1380418000
1380432400
1380446800
1380461200
1380475600
1380490000
1380504400
1380518800
1380533200
1380547600
1380562000
1380576400
1380590800
1380605200
1380619600
1380634000
1380648400
1380662800
1380677200
1380691600
1380706000
1380720400
1380734800
1380749200
1380763600
1380778000
1380792400
1380806800
1380821200
1380835600
1380850000
1380864400
1380878800
1380893200
1380907600
1380922000
1380936400
1380950800
1380965200
1380979600
1380994000
1381008400
1381022800
1381037200
1381051600
1381066000
1381080400
1381094800
1381109200
1381123600
1381138000
1381152400
1381166800
1381181200
1381195600
1381210000
1381224400
1381238800
1381253200
1381267600
1381282000
1381296400
1381310800
1381325200
1381339600
1381354000
1381368400
1381382800
1381397200
1381411600
1381426000
1381440400
1381454800
1381469200
1381483600
1381498000
1381512400
1381526800
1381541200
1381555600
1381570000
1381584400
1381598800
1381613200
1381627600
1381642000
1381656400
1381670800
1381685200
1381699600
1381714000
1381728400
1381742800
1381757200
1381771600
1381786000
1381800400
1381814800
1381829200
1381843600
1381858000
1381872400
1381886800
1381901200
1381915600
1381930000
1381944400
1381958800
1381973200
1381987600
1382002000
1382016400
1382030800
1382045200
1382059600
1382074000
1382088400
1382102800
1382117200
1382131600
1382146000
1382160400
1382174800
1382189200
1382203600
1382218000
1382232400
1382246800
1382261200
1382275600
1382290000
1382304400
1382318800
1382333200
1382347600
1382362000
1382376400
1382390800
1382405200
1382419600
1382434000
1382448400
1382462800
1382477200
1382491600
1382506000
1382520400
1382534800
1382549200
1382563600
1382578000
1382592400
1382606800
1382621200
1382635600
1382650000
1382664400
1382678800
1382693200
1382707600
1382722000
1382736400
1382750800
1382765200
1382779600
1382794000
1382808400
1382822800
1382837200
1382851600
1382866000
1382880400
1382894800
1382909200
1382923600
1382938000
1382952400
1382966800
1382981200
1382995600
1383010000
1383024400
1383038800
1383053200
1383067600
1383082000
1383096400
1383110800
1383125200
1383139600
1383154000
1383168400
1383182800
1383197200
1383211600
1383226000
1383240400
1383254800
1383269200
1383283600
1383298000
1383312400
1383326800
1383341200
1383355600
1383370000
1383384400
1383398800
1383413200
1383427600
1383442000
1383456400
1383470800
1383485200
1383499600
1383514000
1383528400
1383542800
1383557200
1383571600
1383586000
1383600400
1383614800
1383629200
1383643600
1383658000
1383672400
1383686800
1383701200
1383715600
1383730000
1383744400
1383758800
1383773200
1383787600
1383802000
1383816400
1383830800
1383845200
1383859600
1383874000
1383888400
1383902800
1383917200
1383931600
1383946000
1383960400
1383974800
1383989200
1384003600
1384018000
1384032400
1384046800
1384061200
1384075600
1384090000
1384104400
1384118800
1384133200
1384147600
1384162000
1384176400
1384190800
1384205200
1384219600
1384234000
1384248400
1384262800
1384277200
1384291600
1384306000
1384320400
1384334800
1384349200
1384363600
1384378000
1384392400
1384406800
1384421200
1384435600
1384450000
1384464400
1384478800
1384493200
1384507600
1384522000
1384536400
1384550800
1384565200
1384579600
1384594000
1384608400
1384622800
1384637200
1384651600
1384666000
1384680400
1384694800
1384709200
1384723600
1384738000
1384752400
1384766800
1384781200
1384795600
1384810000
1384824400
1384838800
1384853200
1384867600
1384882000
1384896400
1384910800
1384925200
1384939600
1384954000
1384968400
1384982800
1384997200
1385011600
1385026000
1385040400
1385054800
1385069200
1385083600
1385098000
1385112400
1385126800
1385141200
1385155600
1385170000
1385184400
1385198800
1385213200
1385227600
1385242000
1385256400
1385270800
1385285200
1385299600
1385314000
1385328400
1385342800
1385357200
1385371600
1385386000
1385400400
1385414800
1385429200
1385443600
1385458000
1385472400
1385486800
1385501200
1385515600
1385530000
1385544400
1385558800
1385573200
1385587600
1385602000
1385616400
1385630800
1385645200
1385659600
1385674000
1385688400
1385702800
1385717200
1385731600
1385746000
1385760400
1385774800
1385789200
1385803600
1385818000
1385832400
1385846800
1385861200
1385875600
1385890000
1385904400
1385918800
1385933200
1385947600
1385962000
1385976400
1385990800
1386005200
1386019600
1386034000
1386048400
1386062800
1386077200
1386091600
1386106000
1386120400
1386134800
1386149200
1386163600
1386178000
1386192400
1386206800
1386221200
1386235600
1386250000
1386264400
1386278800
1386293200
1386307600
1386322000
1386336400
1386350800
1386365200
1386379600
1386394000
1386408400
1386422800
1386437200
1386451600
1386466000
1386480400
1386494800
1386509200
1386523600
1386538000
1386552400
1386566800
1386581200
1386595600
1386610000
1386624400
1386638800
1386653200
1386667600
1386682000
1386696400
1386710800
1386725200
1386739600
1386754000
1386768400
1386782800
1386797200
1386811600
1386826000
1386840400
1386854800
1386869200
1386883600
1386898000
1386912400
1386926800
1386941200
1386955600
1386970000
1386984400
1386998800
1387013200
1387027600
1387042000
1387056400
1387070800
1387085200
1387099600
1387114000
1387128400
1387142800
1387157200
1387171600
1387186000
1387200400
1387214800
1387229200
1387243600
1387258000
1387272400
1387286800
1387301200
1387315600
1387330000
1387344400
1387358800
1387373200
1387387600
1387402000
1387416400
1387430800
1387445200
1387459600
1387474000
1387488400
1387502800
1387517200
1387531600
1387546000
1387560400
1387574800
1387589200
1387603600
1387618000
1387632400
1387646800
1387661200
1387675600
1387690000
1387704400
1387718800
1387733200
1387747600
1387762000
1387776400
1387790800
1387805200
1387819600
1387834000
1387848400
1387862800
1387877200
1387891600
1387906000
1387920400
1387934800
1387949200
1387963600
1387978000
1387992400
1388006800
1388021200
1388035600
1388050000
1388064400
1388078800
1388093200
1388107600
1388122000
1388136400
1388150800
1388165200
1388179600
1388194000
1388208400
1388222800
1388237200
1388251600
1388266000
1388280400
1388294800
1388309200
1388323600
1388338000
1388352400
1388366800
1388381200
1388395600
1388410000
1388424400
1388438800
1388453200
1388467600
1388482000
1388496400
1388510800
1388525200
1388539600
1388554000
1388568400
1388582800
1388597200
1388611600
1388626000
1388640400
1388654800
1388669200
1388683600
1388698000
1388712400
1388726800
1388741200
1388755600
1388770000
1388784400
1388798800
1388813200
1388827600
1388842000
1388856400
1388870800
1388885200
1388899600
1388914000
1388928400
1388942800
1388957200
1388971600
1388986000
1389000400
1389014800
1389029200
1389043600
1389058000
1389072400
1389086800
1389101200
1389115600
1389130000
1389144400
1389158800
1389173200
1389187600
1389202000
1389216400
1389230800
1389245200
1389259600
1389274000
1389288400
1389302800
1389317200
1389331600
1389346000
1389360400
1389374800
1389389200
1389403600
1389418000
1389432400
1389446800
1389461200
1389475600
1389490000
1389504400
1389518800
1389533200
1389547600
1389562000
1389576400
1389590800
1389605200
1389619600
1389634000
1389648400
1389662800
1389677200
1389691600
1389706000
1389720400
1389734800
1389749200
1389763600
1389778000
1389792400
1389806800
1389821200
1389835600
1389850000
1389864400
1389878800
1389893200
1389907600
1389922000
1389936400
1389950800
1389965200
1389979600
1389994000
1390008400
1390022800
1390037200
1390051600
1390066000
1390080400
1390094800
1390109200
1390123600
1390138000
1390152400
1390166800
1390181200
1390195600
1390210000
1390224400
1390238800
1390253200
1390267600
1390282000
1390296400
1390310800
1390325200
1390339600
1390354000
1390368400
1390382800
1390397200
1390411600
1390426000
1390440400
1390454800
1390469200
1390483600
1390498000
1390512400
1390526800
1390541200
1390555600
1390570000
1390584400
1390598800
1390613200
1390627600
1390642000
1390656400
1390670800
1390685200
1390699600
1390714000
1390728400
1390742800
1390757200
1390771600
1390786000
1390800400
1390814800
1390829200
1390843600
1390858000
1390872400
1390886800
1390901200
1390915600
1390930000
1390944400
1390958800
1390973200
1390987600
1391002000
1391016400
1391030800
1391045200
1391059600
1391074000
1391088400
1391102800
1391117200
1391131600
1391146000
1391160400
1391174800
1391189200
1391203600
1391218000
1391232400
1391246800
1391261200
1391275600
1391290000
1391304400
1391318800
1391333200
1391347600
1391362000
1391376400
1391390800
1391405200
1391419600
1391434000
1391448400
1391462800
1391477200
1391491600
1391506000
1391520400
1391534800
1391549200
1391563600
1391578000
1391592400
1391606800
1391621200
1391635600
1391650000
1391664400
1391678800
1391693200
1391707600
1391722000
1391736400
1391750800
1391765200
1391779600
1391794000
1391808400
1391822800
1391837200
1391851600
1391866000
1391880400
1391894800
1391909200
1391923600
1391938000
1391952400
1391966800
1391981200
1391995600
1392010000
1392024400
1392038800
1392053200
1392067600
1392082000
1392096400
1392110800
1392125200
1392139600
1392154000
1392168400
1392182800
1392197200
1392211600
1392226000
1392240400
1392254800
1392269200
1392283600
1392298000
1392312400
1392326800
1392341200
1392355600
1392370000
1392384400
1392398800
1392413200
1392427600
1392442000
1392456400
1392470800
1392485200
1392499600
1392514000
1392528400
1392542800
1392557200
1392571600
1392586000
1392600400
1392614800
1392629200
1392643600
1392658000
1392672400
1392686800
1392701200
1392715600
1392730000
1392744400
1392758800
1392773200
1392787600
1392802000
1392816400
1392830800
1392845200
1392859600
1392874000
1392888400
1392902800
1392917200
1392931600
1392946000
1392960400
1392974800
1392989200
1393003600
1393018000
1393032400
1393046800
1393061200
1393075600
1393090000
1393104400
1393118800
1393133200
1393147600
1393162000
1393176400
1393190800
1393205200
1393219600
1393234000
1393248400
1393262800
1393277200
1393291600
1393306000
1393320400
1393334800
1393349200
1393363600
1393378000
1393392400
1393406800
1393421200
1393435600
1393450000
1393464400
1393478800
1393493200
1393507600
1393522000
1393536400
1393550800
1393565200
1393579600
1393594000
1393608400
1393622800
1393637200
1393651600
1393666000
1393680400
1393694800
1393709200
1393723600
1393738000
1393752400
1393766800
1393781200
1393795600
1393810000
1393824400
1393838800
1393853200
1393867600
1393882000
1393896400
1393910800
1393925200
1393939600
1393954000
1393968400
1393982800
1393997200
1394011600
1394026000
1394040400
1394054800
1394069200
1394083600
1394098000
1394112400
1394126800
1394141200
1394155600
1394170000
1394184400
1394198800
1394213200
1394227600
1394242000
1394256400
1394270800
1394285200
1394299600
1394314000
1394328400
1394342800
1394357200
1394371600
1394386000
1394400400
1394414800
1394429200
1394443600
1394458000
1394472400
1394486800
1394501200
1394515600
1394530000
1394544400
1394558800
1394573200
1394587600
1394602000
1394616400
1394630800
1394645200
1394659600
1394674000
1394688400
1394702800
1394717200
1394731600
1394746000
1394760400
1394774800
1394789200
1394803600
1394818000
1394832400
1394846800
1394861200
1394875600
1394890000
1394904400
1394918800
1394933200
1394947600
1394962000
1394976400
1394990800
1395005200
1395019600
1395034000
1395048400
1395062800
1395077200
1395091600
1395106000
1395120400
1395134800
1395149200
1395163600
1395178000
1395192400
1395206800
1395221200
1395235600
1395250000
1395264400
1395278800
1395293200
1395307600
1395322000
1395336400
1395350800
1395365200
1395379600
1395394000
1395408400
1395422800
1395437200
1395451600
1395466000
1395480400
1395494800
1395509200
1395523600
1395538000
1395552400
1395566800
1395581200
1395595600
1395610000
1395624400
1395638800
1395653200
1395667600
1395682000
1395696400
1395710800
1395725200
1395739600
1395754000
1395768400
1395782800
1395797200
1395811600
1395826000
1395840400
1395854800
1395869200
1395883600
1395898000
1395912400
1395926800
1395941200
1395955600
1395970000
1395984400
1395998800
1396013200
1396027600
1396042000
1396056400
1396070800
1396085200
1396099600
1396114000
1396128400
1396142800
1396157200
1396171600
1396186000
1396200400
1396214800
1396229200
1396243600
1396258000
1396272400
1396286800
1396301200
1396315600
1396330000
1396344400
1396358800
1396373200
1396387600
1396402000
1396416400
1396430800
1396445200
1396459600
1396474000
1396488400
1396502800
1396517200
1396531600
1396546000
1396560400
1396574800
1396589200
1396603600
1396618000
1396632400
1396646800
1396661200
1396675600
1396690000
1396704400
1396718800
1396733200
1396747600
1396762000
1396776400
1396790800
1396805200
1396819600
1396834000
1396848400
1396862800
1396877200
1396891600
1396906000
1396920400
1396934800
1396949200
1396963600
1396978000
1396992400
1397006800
1397021200
1397035600
1397050000
1397064400
1397078800
1397093200
1397107600
1397122000
1397136400
1397150800
1397165200
1397179600
1397194000
1397208400
1397222800
1397237200
1397251600
1397266000
1397280400
1397294800
1397309200
1397323600
1397338000
1397352400
1397366800
1397381200
1397395600
1397410000
1397424400
1397438800
1397453200
1397467600
1397482000
1397496400
1397510800
1397525200
1397539600
1397554000
1397568400
1397582800
1397597200
1397611600
1397626000
1397640400
1397654800
1397669200
1397683600
1397698000
1397712400
1397726800
1397741200
1397755600
1397770000
1397784400
1397798800
1397813200
1397827600
1397842000
1397856400
1397870800
1397885200
1397899600
1397914000
1397928400
1397942800
1397957200
1397971600
1397986000
1398000400
1398014800
1398029200
1398043600
1398058000
1398072400
1398086800
1398101200
1398115600
1398130000
1398144400
1398158800
1398173200
1398187600
1398202000
1398216400
1398230800
1398245200
1398259600
1398274000
1398288400
1398302800
1398317200
1398331600
1398346000
1398360400
1398374800
1398389200
1398403600
1398418000
1398432400
1398446800
1398461200
1398475600
1398490000
1398504400
1398518800
1398533200
1398547600
1398562000
1398576400
1398590800
1398605200
1398619600
1398634000
1398648400
1398662800
1398677200
1398691600
1398706000
1398720400
1398734800
1398749200
1398763600
1398778000
1398792400
1398806800
1398821200
1398835600
1398850000
1398864400
1398878800
1398893200
1398907600
1398922000
1398936400
1398950800
1398965200
1398979600
1398994000
1399008400
1399022800
1399037200
1399051600
1399066000
1399080400
1399094800
1399109200
1399123600
1399138000
1399152400
1399166800
1399181200
1399195600
1399210000
1399224400
1399238800
1399253200
1399267600
1399282000
1399296400
1399310800
1399325200
1399339600
1399354000
1399368400
1399382800
1399397200
1399411600
1399426000
1399440400
1399454800
1399469200
1399483600
1399498000
1399512400
1399526800
1399541200
1399555600
1399570000
1399584400
1399598800
1399613200
1399627600
1399642000
1399656400
1399670800
1399685200
1399699600
1399714000
1399728400
1399742800
1399757200
1399771600
1399786000
1399800400
1399814800
1399829200
1399843600
1399858000
1399872400
1399886800
1399901200
1399915600
1399930000
1399944400
1399958800
1399973200
1399987600
1400002000
1400016400
1400030800
1400045200
1400059600
1400074000
1400088400
1400102800
1400117200
1400131600
1400146000
1400160400
1400174800
1400189200
1400203600
1400218000
1400232400
1400246800
1400261200
1400275600
1400290000
1400304400
1400318800
1400333200
1400347600
1400362000
1400376400
1400390800
1400405200
1400419600
1400434000
1400448400
1400462800
1400477200
1400491600